(8343, 5485)
(8342, 5484)
(8341, 5484)
(8340, 5483)
(8339, 5482)
(8338, 5481)
(8337, 5481)
(8336, 5481)
(8335, 5480)
(8334, 5480)
(8333, 5479)
(8332, 5478)
(8331, 5477)
(8330, 5476)
(8329, 5475)
(8328, 5474)
(8327, 5473)
(8327, 5472)
(8327, 5471)
(8326, 5470)
(8326, 5469)
(8326, 5468)
(8327, 5468)
(8327, 5467)
(8326, 5466)
(8325, 5465)
(8324, 5464)
(8323, 5463)
(8322, 5462)
(8321, 5461)
(8320, 5460)
(8319, 5459)
(8320, 5458)
(8319, 5457)
(8318, 5456)
(8317, 5455)
(8316, 5454)
(8315, 5454)
(8314, 5453)
(8313, 5452)
(8312, 5451)
(8311, 5450)
(8310, 5449)
(8309, 5448)
(8308, 5447)
(8307, 5446)
(8306, 5445)
(8305, 5444)
(8304, 5443)
(8303, 5442)
(8302, 5442)
(8301, 5441)
(8300, 5441)
(8299, 5440)
(8298, 5440)
(8297, 5439)
(8296, 5438)
(8295, 5438)
(8294, 5437)
(8293, 5436)
(8292, 5435)
(8291, 5434)
(8290, 5433)
(8289, 5432)
(8288, 5431)
(8287, 5431)
(8286, 5430)
(8285, 5430)
(8284, 5429)
(8283, 5428)
(8282, 5427)
(8281, 5426)
(8280, 5425)
(8279, 5424)
(8278, 5423)
(8277, 5423)
(8278, 5422)
(8279, 5421)
(8278, 5421)
(8277, 5420)
(8277, 5419)
(8278, 5419)
(8277, 5418)
(8276, 5417)
(8276, 5416)
(8276, 5415)
(8276, 5414)
(8276, 5413)
(8276, 5412)
(8277, 5411)
(8277, 5412)
(8278, 5411)
(8279, 5410)
(8279, 5409)
(8280, 5408)
(8281, 5407)
(8281, 5406)
(8280, 5405)
(8280, 5404)
(8280, 5403)
(8280, 5402)
(8281, 5401)
(8281, 5400)
(8282, 5400)
(8281, 5399)
(8280, 5398)
(8279, 5397)
(8279, 5396)
(8278, 5396)
(8277, 5396)
(8276, 5395)
(8275, 5394)
(8274, 5393)
(8273, 5393)
(8272, 5393)
(8271, 5392)
(8270, 5391)
(8269, 5390)
(8268, 5389)
(8267, 5388)
(8266, 5387)
(8265, 5386)
(8264, 5385)
(8263, 5384)
(8263, 5383)
(8263, 5382)
(8263, 5381)
(8262, 5381)
(8261, 5380)
(8260, 5379)
(8259, 5378)
(8258, 5377)
(8257, 5376)
(8256, 5375)
(8255, 5374)
(8254, 5373)
(8253, 5372)
(8252, 5371)
(8251, 5372)
(8250, 5371)
(8249, 5370)
(8248, 5370)
(8247, 5369)
(8246, 5368)
(8245, 5367)
(8244, 5366)
(8243, 5365)
(8242, 5364)
(8241, 5363)
(8240, 5362)
(8239, 5361)
(8238, 5361)
(8237, 5360)
(8236, 5360)
(8235, 5359)
(8234, 5358)
(8233, 5357)
(8232, 5357)
(8231, 5357)
(8230, 5356)
(8229, 5356)
(8228, 5355)
(8227, 5354)
(8226, 5353)
(8225, 5354)
(8224, 5354)
(8223, 5353)
(8222, 5352)
(8221, 5351)
(8220, 5351)
(8219, 5351)
(8218, 5350)
(8217, 5349)
(8216, 5350)
(8215, 5351)
(8214, 5351)
(8213, 5351)
(8212, 5351)
(8211, 5351)
(8210, 5350)
(8209, 5350)
(8208, 5349)
(8207, 5348)
(8206, 5347)
(8205, 5346)
(8204, 5345)
(8203, 5344)
(8202, 5343)
(8201, 5343)
(8200, 5342)
(8199, 5341)
(8198, 5340)
(8197, 5339)
(8196, 5338)
(8195, 5339)
(8194, 5338)
(8193, 5337)
(8192, 5336)
(8191, 5336)
(8190, 5337)
(8189, 5337)
(8188, 5336)
(8187, 5335)
(8186, 5334)
(8185, 5333)
(8184, 5332)
(8183, 5331)
(8182, 5330)
(8181, 5329)
(8180, 5328)
(8179, 5327)
(8178, 5326)
(8177, 5326)
(8176, 5326)
(8175, 5325)
(8174, 5324)
(8173, 5323)
(8172, 5323)
(8171, 5322)
(8170, 5323)
(8169, 5323)
(8168, 5322)
(8168, 5323)
(8167, 5323)
(8167, 5324)
(8166, 5324)
(8165, 5324)
(8164, 5323)
(8163, 5322)
(8162, 5323)
(8161, 5323)
(8160, 5323)
(8159, 5324)
(8158, 5323)
(8157, 5324)
(8156, 5324)
(8155, 5325)
(8154, 5325)
(8153, 5326)
(8152, 5325)
(8151, 5324)
(8150, 5323)
(8149, 5322)
(8148, 5321)
(8147, 5320)
(8146, 5319)
(8145, 5318)
(8144, 5317)
(8143, 5317)
(8142, 5317)
(8141, 5317)
(8140, 5318)
(8139, 5319)
(8138, 5319)
(8137, 5319)
(8136, 5318)
(8135, 5318)
(8134, 5317)
(8133, 5316)
(8132, 5315)
(8131, 5315)
(8130, 5314)
(8129, 5313)
(8128, 5312)
(8127, 5311)
(8126, 5311)
(8125, 5310)
(8124, 5309)
(8123, 5308)
(8122, 5307)
(8121, 5307)
(8120, 5307)
(8119, 5306)
(8118, 5305)
(8117, 5304)
(8116, 5303)
(8116, 5302)
(8116, 5301)
(8115, 5300)
(8114, 5299)
(8113, 5298)
(8112, 5297)
(8111, 5296)
(8110, 5295)
(8109, 5294)
(8108, 5293)
(8107, 5292)
(8106, 5292)
(8107, 5291)
(8106, 5290)
(8105, 5289)
(8104, 5289)
(8103, 5288)
(8102, 5287)
(8101, 5286)
(8100, 5285)
(8099, 5284)
(8098, 5283)
(8097, 5282)
(8096, 5282)
(8095, 5281)
(8094, 5281)
(8093, 5280)
(8092, 5279)
(8091, 5278)
(8090, 5278)
(8089, 5277)
(8088, 5276)
(8087, 5275)
(8086, 5274)
(8085, 5273)
(8084, 5272)
(8083, 5271)
(8082, 5271)
(8081, 5270)
(8080, 5269)
(8079, 5268)
(8078, 5267)
(8077, 5266)
(8076, 5265)
(8075, 5264)
(8074, 5263)
(8073, 5262)
(8072, 5261)
(8071, 5260)
(8070, 5259)
(8069, 5258)
(8068, 5257)
(8067, 5256)
(8066, 5255)
(8065, 5255)
(8064, 5255)
(8063, 5256)
(8062, 5255)
(8061, 5255)
(8060, 5254)
(8059, 5255)
(8058, 5255)
(8057, 5255)
(8056, 5256)
(8055, 5255)
(8054, 5255)
(8053, 5256)
(8054, 5256)
(8054, 5257)
(8053, 5257)
(8052, 5257)
(8051, 5258)
(8050, 5258)
(8049, 5258)
(8048, 5258)
(8047, 5257)
(8046, 5256)
(8045, 5255)
(8044, 5254)
(8043, 5253)
(8042, 5253)
(8041, 5252)
(8040, 5251)
(8039, 5250)
(8038, 5249)
(8037, 5248)
(8036, 5247)
(8035, 5247)
(8034, 5247)
(8033, 5247)
(8032, 5248)
(8031, 5249)
(8030, 5248)
(8029, 5247)
(8028, 5246)
(8027, 5245)
(8026, 5244)
(8025, 5244)
(8024, 5245)
(8023, 5244)
(8022, 5243)
(8021, 5242)
(8020, 5242)
(8019, 5243)
(8018, 5243)
(8017, 5242)
(8016, 5242)
(8015, 5241)
(8014, 5240)
(8013, 5239)
(8012, 5238)
(8011, 5237)
(8010, 5236)
(8009, 5235)
(8008, 5234)
(8007, 5233)
(8006, 5232)
(8005, 5231)
(8004, 5230)
(8003, 5229)
(8002, 5229)
(8001, 5229)
(8001, 5230)
(8000, 5230)
(8001, 5231)
(8000, 5231)
(7999, 5231)
(7998, 5230)
(7997, 5231)
(7996, 5230)
(7995, 5230)
(7994, 5230)
(7995, 5231)
(7994, 5231)
(7993, 5231)
(7992, 5232)
(7991, 5232)
(7990, 5232)
(7989, 5233)
(7988, 5233)
(7987, 5234)
(7986, 5234)
(7985, 5235)
(7984, 5235)
(7983, 5236)
(7982, 5237)
(7982, 5238)
(7982, 5239)
(7981, 5240)
(7981, 5241)
(7982, 5240)
(7982, 5241)
(7982, 5242)
(7981, 5243)
(7980, 5244)
(7980, 5245)
(7980, 5246)
(7980, 5247)
(7979, 5248)
(7978, 5249)
(7978, 5250)
(7977, 5251)
(7976, 5252)
(7975, 5253)
(7976, 5253)
(7976, 5254)
(7977, 5254)
(7977, 5255)
(7978, 5255)
(7979, 5256)
(7978, 5256)
(7977, 5257)
(7976, 5257)
(7975, 5257)
(7974, 5257)
(7973, 5257)
(7973, 5258)
(7972, 5258)
(7971, 5258)
(7970, 5259)
(7969, 5260)
(7968, 5260)
(7967, 5261)
(7967, 5262)
(7967, 5263)
(7966, 5264)
(7965, 5265)
(7964, 5265)
(7965, 5266)
(7964, 5266)
(7963, 5266)
(7964, 5267)
(7963, 5267)
(7962, 5267)
(7962, 5268)
(7962, 5269)
(7962, 5270)
(7961, 5271)
(7960, 5272)
(7959, 5271)
(7958, 5271)
(7957, 5271)
(7958, 5272)
(7957, 5272)
(7956, 5272)
(7955, 5272)
(7954, 5272)
(7953, 5273)
(7952, 5273)
(7951, 5274)
(7950, 5275)
(7950, 5276)
(7949, 5277)
(7948, 5278)
(7947, 5278)
(7946, 5277)
(7945, 5276)
(7944, 5275)
(7943, 5274)
(7942, 5273)
(7941, 5272)
(7940, 5271)
(7939, 5270)
(7938, 5269)
(7937, 5268)
(7936, 5267)
(7935, 5266)
(7934, 5265)
(7933, 5264)
(7932, 5263)
(7931, 5264)
(7930, 5265)
(7929, 5265)
(7928, 5265)
(7927, 5265)
(7926, 5266)
(7925, 5266)
(7924, 5265)
(7923, 5264)
(7922, 5265)
(7921, 5265)
(7920, 5266)
(7919, 5266)
(7918, 5266)
(7917, 5265)
(7916, 5264)
(7915, 5263)
(7914, 5263)
(7913, 5262)
(7912, 5261)
(7911, 5261)
(7910, 5261)
(7909, 5261)
(7908, 5262)
(7907, 5262)
(7906, 5262)
(7905, 5262)
(7904, 5263)
(7903, 5263)
(7902, 5262)
(7901, 5261)
(7900, 5260)
(7899, 5260)
(7898, 5260)
(7897, 5260)
(7896, 5259)
(7895, 5258)
(7894, 5257)
(7893, 5256)
(7892, 5255)
(7891, 5254)
(7890, 5253)
(7889, 5252)
(7888, 5251)
(7887, 5250)
(7886, 5249)
(7885, 5250)
(7884, 5250)
(7883, 5251)
(7882, 5251)
(7881, 5251)
(7881, 5252)
(7881, 5253)
(7880, 5253)
(7879, 5253)
(7878, 5252)
(7877, 5251)
(7876, 5250)
(7875, 5249)
(7874, 5248)
(7873, 5247)
(7872, 5247)
(7871, 5246)
(7870, 5245)
(7869, 5244)
(7868, 5243)
(7867, 5242)
(7866, 5241)
(7865, 5240)
(7864, 5240)
(7863, 5240)
(7862, 5239)
(7861, 5238)
(7860, 5237)
(7859, 5236)
(7858, 5236)
(7857, 5237)
(7856, 5237)
(7855, 5238)
(7854, 5239)
(7853, 5240)
(7852, 5241)
(7851, 5240)
(7850, 5239)
(7849, 5238)
(7848, 5239)
(7847, 5240)
(7846, 5241)
(7845, 5242)
(7844, 5243)
(7843, 5244)
(7842, 5245)
(7841, 5245)
(7840, 5244)
(7839, 5243)
(7838, 5243)
(7837, 5242)
(7836, 5241)
(7835, 5240)
(7834, 5240)
(7833, 5240)
(7832, 5240)
(7831, 5239)
(7830, 5238)
(7829, 5238)
(7828, 5238)
(7827, 5237)
(7826, 5236)
(7825, 5235)
(7824, 5234)
(7823, 5233)
(7822, 5232)
(7821, 5232)
(7820, 5232)
(7819, 5232)
(7818, 5232)
(7817, 5232)
(7816, 5232)
(7815, 5233)
(7814, 5234)
(7813, 5234)
(7812, 5234)
(7811, 5234)
(7810, 5234)
(7809, 5235)
(7808, 5235)
(7807, 5235)
(7806, 5235)
(7805, 5234)
(7804, 5234)
(7803, 5233)
(7802, 5233)
(7801, 5233)
(7800, 5234)
(7799, 5234)
(7798, 5234)
(7797, 5234)
(7796, 5233)
(7795, 5232)
(7794, 5231)
(7793, 5230)
(7792, 5230)
(7791, 5229)
(7790, 5229)
(7789, 5228)
(7788, 5227)
(7787, 5226)
(7786, 5226)
(7785, 5226)
(7784, 5227)
(7783, 5227)
(7782, 5227)
(7781, 5227)
(7780, 5227)
(7779, 5227)
(7778, 5226)
(7777, 5225)
(7776, 5225)
(7775, 5224)
(7774, 5224)
(7773, 5223)
(7772, 5223)
(7771, 5223)
(7770, 5222)
(7769, 5223)
(7768, 5223)
(7767, 5223)
(7766, 5223)
(7765, 5223)
(7764, 5223)
(7763, 5223)
(7762, 5224)
(7761, 5224)
(7760, 5224)
(7759, 5225)
(7758, 5225)
(7757, 5225)
(7756, 5225)
(7756, 5226)
(7755, 5226)
(7754, 5226)
(7753, 5226)
(7752, 5225)
(7751, 5225)
(7750, 5225)
(7750, 5226)
(7749, 5226)
(7748, 5226)
(7747, 5225)
(7746, 5225)
(7745, 5225)
(7744, 5225)
(7743, 5225)
(7742, 5224)
(7741, 5224)
(7740, 5224)
(7739, 5224)
(7738, 5223)
(7737, 5223)
(7736, 5223)
(7735, 5223)
(7734, 5222)
(7733, 5222)
(7732, 5222)
(7731, 5222)
(7730, 5222)
(7729, 5222)
(7728, 5223)
(7727, 5223)
(7726, 5223)
(7726, 5224)
(7725, 5225)
(7726, 5226)
(7725, 5226)
(7724, 5226)
(7725, 5227)
(7724, 5227)
(7725, 5228)
(7724, 5228)
(7723, 5228)
(7724, 5229)
(7723, 5229)
(7722, 5229)
(7723, 5230)
(7723, 5231)
(7722, 5232)
(7721, 5232)
(7720, 5232)
(7719, 5232)
(7720, 5233)
(7719, 5233)
(7720, 5234)
(7719, 5234)
(7718, 5234)
(7717, 5235)
(7716, 5236)
(7716, 5237)
(7716, 5238)
(7716, 5239)
(7716, 5240)
(7715, 5241)
(7715, 5242)
(7716, 5242)
(7716, 5243)
(7716, 5244)
(7715, 5245)
(7714, 5246)
(7713, 5247)
(7712, 5248)
(7711, 5249)
(7710, 5249)
(7709, 5249)
(7708, 5248)
(7707, 5247)
(7706, 5248)
(7705, 5248)
(7704, 5248)
(7703, 5248)
(7702, 5249)
(7701, 5249)
(7700, 5249)
(7700, 5250)
(7699, 5250)
(7699, 5251)
(7698, 5251)
(7697, 5251)
(7696, 5251)
(7695, 5251)
(7695, 5252)
(7694, 5253)
(7693, 5253)
(7692, 5253)
(7691, 5253)
(7690, 5254)
(7689, 5255)
(7689, 5256)
(7690, 5256)
(7690, 5257)
(7691, 5257)
(7691, 5258)
(7690, 5259)
(7691, 5259)
(7691, 5260)
(7692, 5261)
(7692, 5260)
(7693, 5260)
(7693, 5261)
(7693, 5262)
(7692, 5263)
(7692, 5264)
(7692, 5265)
(7691, 5266)
(7692, 5267)
(7692, 5268)
(7691, 5269)
(7691, 5270)
(7690, 5270)
(7689, 5270)
(7688, 5270)
(7687, 5270)
(7688, 5271)
(7687, 5272)
(7686, 5272)
(7687, 5273)
(7686, 5273)
(7685, 5273)
(7685, 5274)
(7684, 5274)
(7685, 5275)
(7684, 5275)
(7683, 5275)
(7684, 5276)
(7683, 5276)
(7682, 5276)
(7681, 5276)
(7680, 5277)
(7679, 5277)
(7678, 5277)
(7677, 5276)
(7676, 5275)
(7675, 5275)
(7674, 5275)
(7673, 5276)
(7672, 5276)
(7671, 5277)
(7670, 5277)
(7669, 5277)
(7668, 5277)
(7667, 5277)
(7666, 5277)
(7665, 5278)
(7664, 5278)
(7663, 5277)
(7662, 5277)
(7661, 5277)
(7660, 5277)
(7659, 5278)
(7658, 5278)
(7657, 5279)
(7656, 5280)
(7655, 5281)
(7654, 5280)
(7653, 5280)
(7652, 5280)
(7651, 5279)
(7650, 5278)
(7649, 5277)
(7648, 5276)
(7648, 5277)
(7647, 5276)
(7646, 5276)
(7645, 5276)
(7646, 5277)
(7645, 5277)
(7644, 5277)
(7643, 5277)
(7642, 5278)
(7641, 5278)
(7640, 5279)
(7639, 5279)
(7638, 5280)
(7637, 5280)
(7636, 5280)
(7635, 5280)
(7634, 5280)
(7633, 5279)
(7632, 5278)
(7631, 5277)
(7630, 5276)
(7629, 5277)
(7628, 5277)
(7627, 5276)
(7626, 5276)
(7625, 5277)
(7624, 5277)
(7623, 5276)
(7622, 5276)
(7621, 5277)
(7620, 5277)
(7619, 5277)
(7618, 5277)
(7617, 5277)
(7616, 5277)
(7615, 5278)
(7615, 5279)
(7614, 5279)
(7613, 5279)
(7612, 5278)
(7611, 5278)
(7610, 5278)
(7610, 5279)
(7609, 5279)
(7608, 5280)
(7607, 5281)
(7606, 5281)
(7605, 5281)
(7604, 5280)
(7603, 5280)
(7602, 5280)
(7601, 5280)
(7600, 5280)
(7599, 5280)
(7598, 5280)
(7597, 5281)
(7596, 5281)
(7595, 5281)
(7594, 5281)
(7595, 5282)
(7594, 5282)
(7593, 5283)
(7593, 5284)
(7594, 5285)
(7593, 5286)
(7592, 5287)
(7591, 5287)
(7591, 5288)
(7590, 5289)
(7589, 5290)
(7588, 5291)
(7587, 5291)
(7586, 5292)
(7585, 5293)
(7586, 5293)
(7585, 5294)
(7584, 5295)
(7583, 5295)
(7583, 5296)
(7583, 5297)
(7584, 5296)
(7584, 5297)
(7583, 5298)
(7582, 5298)
(7583, 5299)
(7582, 5299)
(7581, 5300)
(7580, 5301)
(7579, 5301)
(7578, 5302)
(7577, 5303)
(7576, 5304)
(7575, 5305)
(7574, 5306)
(7573, 5306)
(7572, 5306)
(7571, 5306)
(7570, 5306)
(7569, 5306)
(7568, 5306)
(7567, 5305)
(7566, 5305)
(7565, 5304)
(7564, 5303)
(7563, 5302)
(7562, 5303)
(7561, 5302)
(7560, 5301)
(7559, 5300)
(7559, 5301)
(7558, 5300)
(7557, 5299)
(7556, 5299)
(7555, 5299)
(7554, 5299)
(7553, 5299)
(7552, 5299)
(7551, 5298)
(7550, 5297)
(7549, 5296)
(7548, 5295)
(7547, 5294)
(7546, 5293)
(7545, 5292)
(7544, 5291)
(7543, 5290)
(7542, 5290)
(7541, 5289)
(7540, 5288)
(7539, 5287)
(7538, 5286)
(7537, 5286)
(7536, 5285)
(7535, 5284)
(7534, 5284)
(7533, 5283)
(7532, 5282)
(7531, 5281)
(7530, 5282)
(7529, 5282)
(7528, 5281)
(7527, 5281)
(7526, 5281)
(7525, 5280)
(7524, 5280)
(7523, 5279)
(7522, 5278)
(7521, 5277)
(7520, 5277)
(7519, 5277)
(7518, 5276)
(7517, 5275)
(7516, 5274)
(7515, 5273)
(7514, 5274)
(7513, 5274)
(7512, 5274)
(7511, 5274)
(7510, 5274)
(7509, 5273)
(7508, 5274)
(7507, 5275)
(7506, 5276)
(7505, 5275)
(7504, 5274)
(7503, 5273)
(7502, 5272)
(7501, 5271)
(7500, 5271)
(7499, 5270)
(7498, 5270)
(7498, 5271)
(7497, 5270)
(7496, 5269)
(7495, 5268)
(7494, 5267)
(7493, 5266)
(7492, 5265)
(7491, 5264)
(7490, 5263)
(7489, 5263)
(7488, 5264)
(7488, 5265)
(7487, 5265)
(7486, 5266)
(7485, 5267)
(7484, 5267)
(7483, 5267)
(7482, 5266)
(7481, 5265)
(7480, 5265)
(7479, 5265)
(7478, 5265)
(7477, 5264)
(7476, 5265)
(7475, 5264)
(7474, 5264)
(7473, 5264)
(7472, 5263)
(7471, 5262)
(7470, 5261)
(7469, 5260)
(7468, 5259)
(7467, 5259)
(7466, 5258)
(7465, 5257)
(7464, 5258)
(7463, 5259)
(7462, 5259)
(7461, 5258)
(7460, 5257)
(7459, 5256)
(7458, 5256)
(7457, 5255)
(7456, 5254)
(7455, 5253)
(7454, 5252)
(7453, 5251)
(7452, 5250)
(7451, 5249)
(7450, 5249)
(7449, 5249)
(7448, 5248)
(7447, 5247)
(7446, 5248)
(7445, 5248)
(7444, 5248)
(7443, 5248)
(7442, 5247)
(7441, 5247)
(7440, 5246)
(7439, 5247)
(7438, 5247)
(7437, 5246)
(7436, 5245)
(7435, 5245)
(7434, 5245)
(7433, 5245)
(7432, 5245)
(7431, 5245)
(7430, 5246)
(7430, 5247)
(7429, 5248)
(7428, 5249)
(7427, 5250)
(7426, 5251)
(7425, 5250)
(7424, 5249)
(7423, 5249)
(7422, 5250)
(7421, 5250)
(7420, 5250)
(7420, 5251)
(7419, 5251)
(7418, 5252)
(7417, 5252)
(7416, 5253)
(7416, 5254)
(7416, 5255)
(7415, 5256)
(7414, 5257)
(7413, 5257)
(7412, 5258)
(7411, 5258)
(7410, 5258)
(7409, 5257)
(7408, 5256)
(7407, 5256)
(7406, 5257)
(7405, 5257)
(7404, 5257)
(7403, 5257)
(7402, 5258)
(7401, 5258)
(7400, 5258)
(7400, 5259)
(7399, 5260)
(7398, 5261)
(7397, 5262)
(7396, 5262)
(7395, 5262)
(7394, 5263)
(7393, 5263)
(7392, 5263)
(7391, 5264)
(7390, 5264)
(7389, 5265)
(7388, 5266)
(7387, 5266)
(7386, 5267)
(7385, 5268)
(7384, 5269)
(7383, 5270)
(7382, 5271)
(7381, 5272)
(7380, 5273)
(7379, 5274)
(7378, 5275)
(7377, 5276)
(7376, 5276)
(7377, 5277)
(7378, 5278)
(7377, 5279)
(7376, 5280)
(7375, 5281)
(7374, 5282)
(7373, 5282)
(7372, 5283)
(7371, 5284)
(7370, 5285)
(7369, 5286)
(7368, 5287)
(7367, 5288)
(7366, 5288)
(7365, 5288)
(7364, 5288)
(7363, 5288)
(7362, 5288)
(7361, 5287)
(7360, 5286)
(7359, 5286)
(7358, 5286)
(7357, 5286)
(7356, 5287)
(7355, 5288)
(7354, 5288)
(7354, 5289)
(7353, 5289)
(7352, 5289)
(7351, 5290)
(7350, 5291)
(7349, 5291)
(7348, 5291)
(7347, 5291)
(7346, 5290)
(7345, 5289)
(7344, 5288)
(7343, 5287)
(7342, 5286)
(7341, 5285)
(7340, 5284)
(7339, 5283)
(7338, 5282)
(7337, 5281)
(7336, 5280)
(7335, 5281)
(7334, 5280)
(7333, 5279)
(7332, 5278)
(7331, 5277)
(7330, 5276)
(7329, 5275)
(7328, 5274)
(7327, 5273)
(7326, 5272)
(7325, 5272)
(7324, 5272)
(7323, 5271)
(7322, 5270)
(7321, 5269)
(7320, 5268)
(7319, 5267)
(7318, 5266)
(7317, 5265)
(7316, 5264)
(7315, 5263)
(7314, 5262)
(7313, 5262)
(7312, 5261)
(7311, 5262)
(7310, 5262)
(7309, 5262)
(7308, 5261)
(7307, 5260)
(7306, 5260)
(7305, 5259)
(7304, 5258)
(7303, 5259)
(7302, 5258)
(7301, 5258)
(7300, 5258)
(7299, 5258)
(7298, 5257)
(7297, 5256)
(7296, 5255)
(7295, 5255)
(7294, 5254)
(7293, 5254)
(7292, 5254)
(7291, 5253)
(7290, 5252)
(7289, 5251)
(7288, 5250)
(7287, 5249)
(7286, 5250)
(7285, 5249)
(7284, 5248)
(7283, 5247)
(7282, 5246)
(7281, 5245)
(7280, 5244)
(7279, 5243)
(7278, 5243)
(7277, 5242)
(7276, 5241)
(7275, 5240)
(7274, 5240)
(7273, 5239)
(7272, 5238)
(7271, 5239)
(7270, 5238)
(7269, 5239)
(7268, 5239)
(7267, 5238)
(7266, 5237)
(7265, 5237)
(7264, 5236)
(7263, 5236)
(7262, 5236)
(7261, 5237)
(7260, 5238)
(7260, 5239)
(7259, 5239)
(7260, 5240)
(7259, 5240)
(7258, 5240)
(7257, 5241)
(7256, 5241)
(7255, 5241)
(7254, 5242)
(7253, 5243)
(7252, 5244)
(7251, 5245)
(7250, 5246)
(7249, 5246)
(7248, 5246)
(7247, 5246)
(7246, 5245)
(7245, 5244)
(7244, 5244)
(7243, 5244)
(7242, 5243)
(7241, 5243)
(7240, 5243)
(7239, 5243)
(7238, 5243)
(7237, 5243)
(7236, 5242)
(7235, 5241)
(7234, 5241)
(7233, 5240)
(7232, 5239)
(7231, 5239)
(7230, 5239)
(7229, 5239)
(7228, 5239)
(7227, 5239)
(7226, 5239)
(7226, 5240)
(7225, 5241)
(7224, 5241)
(7223, 5242)
(7222, 5241)
(7221, 5240)
(7220, 5239)
(7219, 5238)
(7218, 5237)
(7217, 5236)
(7216, 5236)
(7215, 5236)
(7214, 5235)
(7213, 5235)
(7212, 5235)
(7211, 5235)
(7210, 5234)
(7209, 5233)
(7208, 5232)
(7207, 5231)
(7206, 5232)
(7205, 5233)
(7204, 5232)
(7203, 5232)
(7202, 5232)
(7201, 5232)
(7200, 5232)
(7199, 5232)
(7198, 5232)
(7197, 5232)
(7196, 5232)
(7195, 5232)
(7194, 5232)
(7193, 5232)
(7192, 5232)
(7191, 5232)
(7190, 5231)
(7189, 5230)
(7188, 5229)
(7187, 5230)
(7186, 5230)
(7185, 5229)
(7184, 5228)
(7183, 5227)
(7182, 5226)
(7181, 5225)
(7180, 5225)
(7179, 5225)
(7178, 5225)
(7177, 5224)
(7176, 5223)
(7175, 5223)
(7174, 5223)
(7173, 5224)
(7172, 5225)
(7171, 5226)
(7170, 5227)
(7169, 5226)
(7168, 5225)
(7167, 5224)
(7166, 5224)
(7165, 5225)
(7164, 5224)
(7163, 5223)
(7162, 5222)
(7161, 5222)
(7160, 5223)
(7159, 5224)
(7158, 5225)
(7157, 5226)
(7156, 5226)
(7155, 5226)
(7154, 5226)
(7153, 5226)
(7152, 5226)
(7151, 5227)
(7150, 5227)
(7151, 5228)
(7150, 5228)
(7149, 5228)
(7150, 5229)
(7149, 5229)
(7148, 5229)
(7147, 5229)
(7146, 5228)
(7145, 5227)
(7144, 5226)
(7143, 5225)
(7142, 5224)
(7141, 5223)
(7140, 5223)
(7139, 5223)
(7138, 5223)
(7137, 5223)
(7136, 5224)
(7135, 5225)
(7134, 5226)
(7133, 5227)
(7134, 5227)
(7133, 5228)
(7132, 5228)
(7131, 5228)
(7130, 5227)
(7129, 5226)
(7128, 5225)
(7127, 5224)
(7126, 5224)
(7125, 5223)
(7124, 5223)
(7123, 5224)
(7122, 5224)
(7121, 5224)
(7120, 5224)
(7119, 5224)
(7118, 5224)
(7117, 5224)
(7116, 5224)
(7115, 5223)
(7114, 5222)
(7113, 5221)
(7112, 5222)
(7111, 5222)
(7110, 5222)
(7109, 5222)
(7108, 5222)
(7107, 5222)
(7106, 5222)
(7105, 5221)
(7104, 5220)
(7103, 5220)
(7103, 5221)
(7102, 5220)
(7101, 5219)
(7101, 5220)
(7100, 5219)
(7099, 5218)
(7098, 5218)
(7097, 5217)
(7096, 5216)
(7095, 5215)
(7094, 5214)
(7093, 5213)
(7093, 5214)
(7092, 5213)
(7091, 5212)
(7090, 5212)
(7089, 5211)
(7088, 5210)
(7087, 5209)
(7086, 5208)
(7085, 5208)
(7084, 5207)
(7083, 5206)
(7082, 5205)
(7081, 5205)
(7080, 5204)
(7079, 5203)
(7078, 5203)
(7077, 5203)
(7076, 5203)
(7075, 5203)
(7075, 5204)
(7074, 5204)
(7074, 5205)
(7073, 5205)
(7072, 5205)
(7071, 5205)
(7070, 5206)
(7069, 5206)
(7068, 5206)
(7067, 5206)
(7066, 5205)
(7065, 5205)
(7064, 5205)
(7063, 5205)
(7062, 5205)
(7061, 5205)
(7060, 5205)
(7059, 5205)
(7058, 5205)
(7057, 5205)
(7056, 5204)
(7055, 5203)
(7054, 5202)
(7053, 5201)
(7052, 5200)
(7051, 5199)
(7050, 5199)
(7049, 5199)
(7048, 5199)
(7047, 5199)
(7046, 5198)
(7045, 5197)
(7044, 5196)
(7043, 5195)
(7042, 5195)
(7041, 5195)
(7041, 5196)
(7040, 5196)
(7039, 5196)
(7038, 5196)
(7037, 5196)
(7036, 5196)
(7035, 5196)
(7034, 5197)
(7033, 5197)
(7032, 5197)
(7031, 5196)
(7030, 5195)
(7029, 5195)
(7028, 5195)
(7027, 5195)
(7026, 5194)
(7025, 5193)
(7024, 5192)
(7023, 5191)
(7022, 5190)
(7021, 5189)
(7020, 5188)
(7019, 5188)
(7018, 5189)
(7017, 5190)
(7016, 5190)
(7015, 5190)
(7014, 5190)
(7013, 5191)
(7012, 5192)
(7011, 5193)
(7010, 5192)
(7009, 5191)
(7008, 5190)
(7007, 5189)
(7006, 5188)
(7005, 5188)
(7004, 5188)
(7003, 5187)
(7002, 5187)
(7001, 5188)
(7000, 5189)
(6999, 5190)
(6998, 5190)
(6998, 5191)
(6997, 5192)
(6996, 5193)
(6995, 5193)
(6994, 5194)
(6993, 5195)
(6992, 5196)
(6992, 5197)
(6991, 5197)
(6990, 5197)
(6989, 5197)
(6988, 5198)
(6987, 5198)
(6987, 5199)
(6986, 5200)
(6985, 5201)
(6984, 5201)
(6983, 5201)
(6982, 5201)
(6981, 5200)
(6980, 5201)
(6979, 5202)
(6978, 5203)
(6977, 5204)
(6976, 5205)
(6975, 5205)
(6974, 5204)
(6973, 5205)
(6972, 5204)
(6971, 5204)
(6970, 5203)
(6969, 5203)
(6968, 5203)
(6967, 5202)
(6966, 5201)
(6965, 5200)
(6964, 5199)
(6963, 5199)
(6962, 5200)
(6961, 5200)
(6960, 5201)
(6959, 5201)
(6958, 5202)
(6957, 5203)
(6956, 5204)
(6955, 5205)
(6954, 5206)
(6953, 5206)
(6952, 5206)
(6951, 5205)
(6950, 5204)
(6949, 5205)
(6948, 5206)
(6947, 5206)
(6946, 5205)
(6945, 5205)
(6944, 5205)
(6943, 5206)
(6942, 5207)
(6941, 5207)
(6940, 5206)
(6939, 5205)
(6938, 5204)
(6937, 5204)
(6936, 5204)
(6935, 5204)
(6934, 5203)
(6933, 5203)
(6932, 5202)
(6931, 5201)
(6930, 5200)
(6929, 5200)
(6928, 5200)
(6927, 5199)
(6926, 5198)
(6925, 5199)
(6924, 5199)
(6923, 5200)
(6922, 5201)
(6921, 5202)
(6921, 5203)
(6920, 5203)
(6919, 5203)
(6918, 5203)
(6917, 5204)
(6916, 5205)
(6915, 5206)
(6914, 5206)
(6913, 5206)
(6912, 5206)
(6911, 5206)
(6910, 5206)
(6909, 5206)
(6908, 5206)
(6907, 5206)
(6906, 5206)
(6905, 5206)
(6904, 5206)
(6903, 5206)
(6902, 5206)
(6901, 5205)
(6900, 5204)
(6899, 5203)
(6898, 5202)
(6897, 5201)
(6896, 5200)
(6895, 5199)
(6894, 5198)
(6893, 5197)
(6892, 5196)
(6891, 5195)
(6890, 5194)
(6889, 5194)
(6888, 5193)
(6887, 5192)
(6886, 5191)
(6885, 5190)
(6884, 5189)
(6883, 5188)
(6882, 5187)
(6881, 5187)
(6880, 5188)
(6879, 5188)
(6878, 5188)
(6877, 5188)
(6876, 5189)
(6875, 5189)
(6874, 5189)
(6873, 5189)
(6872, 5189)
(6871, 5188)
(6870, 5187)
(6869, 5186)
(6868, 5185)
(6867, 5184)
(6866, 5183)
(6865, 5182)
(6864, 5182)
(6863, 5183)
(6862, 5182)
(6861, 5181)
(6860, 5180)
(6859, 5179)
(6858, 5179)
(6857, 5180)
(6856, 5181)
(6855, 5182)
(6854, 5183)
(6853, 5184)
(6852, 5184)
(6851, 5185)
(6850, 5186)
(6849, 5186)
(6848, 5187)
(6847, 5188)
(6846, 5189)
(6845, 5190)
(6844, 5191)
(6843, 5192)
(6842, 5193)
(6841, 5193)
(6840, 5192)
(6839, 5192)
(6838, 5192)
(6837, 5192)
(6836, 5192)
(6835, 5193)
(6834, 5194)
(6833, 5195)
(6832, 5196)
(6831, 5197)
(6830, 5198)
(6829, 5198)
(6828, 5198)
(6827, 5197)
(6826, 5196)
(6825, 5195)
(6824, 5194)
(6823, 5194)
(6822, 5193)
(6821, 5192)
(6820, 5191)
(6819, 5190)
(6818, 5189)
(6817, 5190)
(6816, 5189)
(6815, 5188)
(6814, 5187)
(6813, 5186)
(6812, 5185)
(6811, 5184)
(6810, 5184)
(6809, 5184)
(6808, 5184)
(6807, 5184)
(6806, 5183)
(6805, 5182)
(6804, 5182)
(6803, 5181)
(6802, 5180)
(6801, 5180)
(6800, 5179)
(6799, 5178)
(6798, 5178)
(6797, 5177)
(6796, 5176)
(6795, 5176)
(6794, 5175)
(6793, 5174)
(6792, 5174)
(6791, 5173)
(6790, 5172)
(6789, 5171)
(6788, 5170)
(6787, 5169)
(6786, 5168)
(6785, 5167)
(6784, 5166)
(6783, 5165)
(6782, 5164)
(6781, 5163)
(6780, 5162)
(6779, 5161)
(6778, 5160)
(6777, 5159)
(6776, 5158)
(6775, 5157)
(6774, 5156)
(6773, 5155)
(6772, 5154)
(6771, 5153)
(6770, 5152)
(6769, 5151)
(6768, 5150)
(6767, 5149)
(6766, 5149)
(6765, 5149)
(6764, 5148)
(6763, 5147)
(6762, 5146)
(6761, 5145)
(6760, 5144)
(6759, 5143)
(6758, 5142)
(6757, 5142)
(6756, 5141)
(6755, 5140)
(6754, 5140)
(6753, 5140)
(6752, 5140)
(6751, 5140)
(6750, 5140)
(6749, 5140)
(6748, 5139)
(6747, 5140)
(6746, 5140)
(6745, 5140)
(6744, 5140)
(6743, 5139)
(6743, 5140)
(6742, 5140)
(6741, 5140)
(6740, 5141)
(6739, 5141)
(6738, 5142)
(6737, 5143)
(6736, 5144)
(6735, 5144)
(6734, 5145)
(6733, 5145)
(6733, 5146)
(6732, 5146)
(6731, 5145)
(6730, 5144)
(6729, 5145)
(6728, 5146)
(6727, 5146)
(6727, 5147)
(6726, 5147)
(6725, 5148)
(6724, 5147)
(6723, 5146)
(6722, 5145)
(6721, 5144)
(6720, 5143)
(6719, 5143)
(6718, 5144)
(6717, 5145)
(6716, 5144)
(6715, 5143)
(6714, 5143)
(6713, 5142)
(6712, 5141)
(6711, 5140)
(6710, 5139)
(6709, 5138)
(6708, 5137)
(6707, 5136)
(6706, 5136)
(6705, 5135)
(6704, 5134)
(6703, 5134)
(6702, 5134)
(6701, 5135)
(6700, 5136)
(6699, 5137)
(6698, 5138)
(6697, 5137)
(6696, 5136)
(6695, 5136)
(6694, 5135)
(6693, 5134)
(6692, 5134)
(6691, 5134)
(6690, 5133)
(6689, 5132)
(6688, 5131)
(6687, 5130)
(6686, 5129)
(6685, 5128)
(6684, 5127)
(6683, 5126)
(6682, 5125)
(6681, 5124)
(6680, 5124)
(6679, 5124)
(6678, 5123)
(6677, 5123)
(6676, 5122)
(6675, 5121)
(6674, 5120)
(6673, 5119)
(6672, 5118)
(6671, 5118)
(6670, 5119)
(6669, 5119)
(6668, 5119)
(6667, 5118)
(6666, 5118)
(6665, 5117)
(6664, 5117)
(6663, 5117)
(6662, 5117)
(6662, 5118)
(6661, 5118)
(6660, 5118)
(6659, 5118)
(6658, 5119)
(6657, 5118)
(6656, 5118)
(6655, 5118)
(6654, 5117)
(6653, 5117)
(6652, 5117)
(6651, 5116)
(6650, 5116)
(6649, 5116)
(6648, 5116)
(6647, 5115)
(6646, 5116)
(6645, 5116)
(6644, 5116)
(6643, 5116)
(6642, 5116)
(6641, 5116)
(6640, 5115)
(6639, 5115)
(6638, 5114)
(6637, 5114)
(6636, 5114)
(6635, 5114)
(6634, 5115)
(6633, 5116)
(6632, 5115)
(6631, 5115)
(6630, 5115)
(6629, 5114)
(6628, 5114)
(6627, 5114)
(6626, 5113)
(6625, 5112)
(6624, 5112)
(6623, 5111)
(6622, 5110)
(6621, 5109)
(6620, 5108)
(6619, 5107)
(6618, 5107)
(6617, 5107)
(6616, 5106)
(6615, 5105)
(6614, 5104)
(6613, 5103)
(6612, 5102)
(6611, 5101)
(6610, 5100)
(6609, 5099)
(6608, 5098)
(6607, 5097)
(6606, 5096)
(6605, 5095)
(6604, 5094)
(6603, 5093)
(6602, 5092)
(6601, 5091)
(6600, 5091)
(6599, 5091)
(6598, 5091)
(6597, 5091)
(6596, 5091)
(6595, 5091)
(6594, 5090)
(6593, 5089)
(6592, 5088)
(6591, 5087)
(6590, 5086)
(6589, 5085)
(6588, 5084)
(6587, 5083)
(6586, 5082)
(6585, 5081)
(6584, 5080)
(6583, 5079)
(6582, 5078)
(6581, 5077)
(6580, 5076)
(6579, 5075)
(6578, 5074)
(6578, 5075)
(6577, 5075)
(6577, 5076)
(6576, 5076)
(6577, 5077)
(6576, 5077)
(6575, 5077)
(6574, 5078)
(6573, 5077)
(6572, 5076)
(6571, 5075)
(6570, 5074)
(6569, 5073)
(6568, 5072)
(6567, 5071)
(6566, 5070)
(6565, 5069)
(6564, 5068)
(6563, 5067)
(6562, 5066)
(6561, 5066)
(6560, 5065)
(6559, 5064)
(6558, 5063)
(6557, 5063)
(6556, 5062)
(6555, 5061)
(6554, 5060)
(6553, 5059)
(6552, 5058)
(6551, 5057)
(6550, 5056)
(6549, 5055)
(6548, 5054)
(6547, 5053)
(6546, 5052)
(6545, 5052)
(6544, 5051)
(6543, 5050)
(6542, 5049)
(6541, 5048)
(6540, 5047)
(6539, 5046)
(6538, 5045)
(6537, 5045)
(6536, 5045)
(6535, 5045)
(6534, 5044)
(6533, 5044)
(6532, 5044)
(6531, 5044)
(6530, 5043)
(6529, 5042)
(6528, 5041)
(6527, 5040)
(6526, 5040)
(6525, 5041)
(6524, 5040)
(6523, 5039)
(6522, 5038)
(6521, 5037)
(6520, 5036)
(6519, 5035)
(6518, 5034)
(6517, 5033)
(6516, 5033)
(6515, 5033)
(6514, 5032)
(6513, 5031)
(6512, 5030)
(6511, 5029)
(6510, 5028)
(6509, 5027)
(6508, 5027)
(6507, 5026)
(6506, 5025)
(6505, 5024)
(6504, 5023)
(6503, 5022)
(6502, 5021)
(6501, 5020)
(6500, 5019)
(6499, 5018)
(6498, 5017)
(6497, 5016)
(6496, 5015)
(6495, 5014)
(6494, 5013)
(6493, 5013)
(6492, 5012)
(6491, 5011)
(6490, 5010)
(6489, 5010)
(6488, 5009)
(6487, 5008)
(6486, 5007)
(6485, 5006)
(6484, 5007)
(6483, 5008)
(6482, 5007)
(6481, 5006)
(6480, 5005)
(6479, 5004)
(6478, 5003)
(6477, 5003)
(6476, 5002)
(6475, 5001)
(6474, 5000)
(6473, 4999)
(6472, 4999)
(6471, 4999)
(6470, 4998)
(6469, 4997)
(6468, 4996)
(6467, 4995)
(6466, 4994)
(6465, 4993)
(6464, 4992)
(6463, 4991)
(6462, 4990)
(6461, 4989)
(6460, 4988)
(6459, 4987)
(6458, 4987)
(6457, 4986)
(6456, 4987)
(6455, 4986)
(6454, 4985)
(6453, 4984)
(6452, 4983)
(6451, 4982)
(6450, 4981)
(6449, 4980)
(6448, 4979)
(6447, 4978)
(6446, 4977)
(6445, 4976)
(6444, 4976)
(6443, 4977)
(6442, 4976)
(6441, 4975)
(6440, 4974)
(6439, 4973)
(6438, 4972)
(6437, 4971)
(6436, 4970)
(6435, 4969)
(6434, 4969)
(6433, 4968)
(6432, 4969)
(6431, 4968)
(6430, 4969)
(6429, 4968)
(6428, 4967)
(6427, 4966)
(6426, 4966)
(6425, 4965)
(6424, 4964)
(6423, 4963)
(6422, 4962)
(6421, 4962)
(6420, 4961)
(6419, 4962)
(6418, 4961)
(6417, 4960)
(6416, 4959)
(6415, 4958)
(6414, 4957)
(6413, 4956)
(6412, 4955)
(6411, 4954)
(6410, 4953)
(6409, 4952)
(6408, 4951)
(6407, 4951)
(6406, 4950)
(6405, 4949)
(6404, 4948)
(6403, 4947)
(6402, 4947)
(6401, 4946)
(6400, 4945)
(6399, 4944)
(6398, 4943)
(6397, 4942)
(6396, 4941)
(6395, 4941)
(6394, 4941)
(6393, 4940)
(6392, 4939)
(6391, 4940)
(6390, 4939)
(6389, 4939)
(6388, 4939)
(6387, 4940)
(6386, 4939)
(6385, 4938)
(6384, 4937)
(6383, 4937)
(6382, 4936)
(6381, 4935)
(6380, 4934)
(6379, 4933)
(6378, 4932)
(6377, 4931)
(6376, 4930)
(6375, 4929)
(6374, 4930)
(6373, 4930)
(6372, 4929)
(6371, 4928)
(6370, 4927)
(6369, 4926)
(6368, 4925)
(6367, 4924)
(6366, 4923)
(6365, 4922)
(6364, 4921)
(6363, 4920)
(6362, 4919)
(6361, 4918)
(6360, 4917)
(6359, 4916)
(6358, 4916)
(6357, 4916)
(6356, 4915)
(6355, 4914)
(6354, 4913)
(6353, 4913)
(6352, 4912)
(6351, 4911)
(6350, 4911)
(6349, 4910)
(6348, 4909)
(6347, 4908)
(6346, 4908)
(6345, 4907)
(6344, 4906)
(6343, 4906)
(6342, 4905)
(6341, 4904)
(6340, 4903)
(6339, 4902)
(6338, 4901)
(6337, 4900)
(6336, 4899)
(6335, 4898)
(6334, 4897)
(6333, 4896)
(6332, 4895)
(6331, 4894)
(6330, 4893)
(6329, 4892)
(6328, 4891)
(6327, 4890)
(6326, 4889)
(6325, 4888)
(6324, 4887)
(6323, 4887)
(6322, 4887)
(6321, 4886)
(6320, 4885)
(6319, 4884)
(6318, 4883)
(6317, 4883)
(6316, 4882)
(6315, 4881)
(6314, 4880)
(6313, 4879)
(6312, 4878)
(6311, 4877)
(6310, 4876)
(6309, 4875)
(6308, 4874)
(6307, 4873)
(6306, 4872)
(6305, 4871)
(6304, 4870)
(6303, 4869)
(6302, 4868)
(6301, 4867)
(6300, 4866)
(6299, 4865)
(6298, 4864)
(6297, 4863)
(6296, 4862)
(6295, 4861)
(6294, 4860)
(6293, 4859)
(6292, 4859)
(6291, 4859)
(6290, 4858)
(6289, 4857)
(6288, 4856)
(6287, 4855)
(6286, 4854)
(6285, 4853)
(6284, 4852)
(6283, 4851)
(6282, 4851)
(6281, 4850)
(6280, 4849)
(6279, 4848)
(6278, 4847)
(6277, 4846)
(6276, 4845)
(6275, 4846)
(6274, 4846)
(6273, 4845)
(6272, 4844)
(6271, 4843)
(6270, 4842)
(6269, 4842)
(6268, 4841)
(6267, 4840)
(6266, 4840)
(6265, 4840)
(6264, 4839)
(6263, 4838)
(6262, 4837)
(6261, 4836)
(6260, 4835)
(6259, 4834)
(6258, 4833)
(6257, 4832)
(6256, 4831)
(6255, 4830)
(6254, 4829)
(6253, 4828)
(6252, 4827)
(6251, 4826)
(6250, 4827)
(6249, 4828)
(6248, 4828)
(6247, 4828)
(6246, 4828)
(6245, 4827)
(6244, 4826)
(6243, 4826)
(6242, 4826)
(6241, 4825)
(6240, 4824)
(6239, 4823)
(6238, 4822)
(6237, 4821)
(6236, 4821)
(6235, 4821)
(6234, 4820)
(6233, 4819)
(6232, 4818)
(6231, 4817)
(6230, 4816)
(6229, 4815)
(6228, 4815)
(6227, 4814)
(6226, 4814)
(6225, 4813)
(6224, 4814)
(6223, 4813)
(6222, 4812)
(6221, 4811)
(6220, 4811)
(6219, 4810)
(6218, 4809)
(6217, 4808)
(6216, 4807)
(6215, 4806)
(6214, 4805)
(6213, 4804)
(6212, 4803)
(6211, 4802)
(6210, 4802)
(6209, 4801)
(6208, 4800)
(6207, 4799)
(6206, 4798)
(6205, 4797)
(6204, 4797)
(6203, 4797)
(6204, 4798)
(6203, 4798)
(6202, 4798)
(6201, 4797)
(6200, 4796)
(6199, 4795)
(6198, 4794)
(6197, 4793)
(6196, 4792)
(6195, 4791)
(6194, 4790)
(6193, 4789)
(6192, 4789)
(6191, 4790)
(6190, 4790)
(6189, 4791)
(6188, 4791)
(6187, 4791)
(6186, 4790)
(6185, 4789)
(6184, 4789)
(6183, 4790)
(6182, 4790)
(6181, 4790)
(6180, 4789)
(6179, 4789)
(6178, 4789)
(6178, 4790)
(6177, 4790)
(6176, 4790)
(6175, 4789)
(6174, 4789)
(6173, 4789)
(6172, 4789)
(6171, 4788)
(6170, 4787)
(6169, 4786)
(6168, 4785)
(6167, 4784)
(6166, 4784)
(6165, 4783)
(6164, 4783)
(6163, 4782)
(6162, 4783)
(6161, 4783)
(6160, 4782)
(6159, 4781)
(6158, 4780)
(6157, 4781)
(6156, 4781)
(6155, 4780)
(6154, 4780)
(6153, 4780)
(6152, 4780)
(6151, 4779)
(6150, 4778)
(6150, 4779)
(6149, 4779)
(6148, 4779)
(6147, 4778)
(6146, 4777)
(6145, 4776)
(6144, 4775)
(6143, 4774)
(6142, 4773)
(6141, 4772)
(6140, 4771)
(6139, 4771)
(6138, 4772)
(6137, 4772)
(6136, 4771)
(6135, 4771)
(6134, 4772)
(6133, 4772)
(6132, 4771)
(6131, 4771)
(6130, 4770)
(6129, 4769)
(6128, 4768)
(6127, 4767)
(6126, 4766)
(6125, 4765)
(6124, 4764)
(6123, 4763)
(6122, 4763)
(6121, 4762)
(6120, 4762)
(6119, 4761)
(6118, 4762)
(6117, 4762)
(6116, 4762)
(6115, 4761)
(6114, 4760)
(6113, 4759)
(6112, 4758)
(6111, 4757)
(6110, 4757)
(6109, 4756)
(6108, 4755)
(6107, 4755)
(6106, 4754)
(6106, 4753)
(6105, 4753)
(6104, 4752)
(6103, 4751)
(6102, 4750)
(6101, 4750)
(6100, 4749)
(6099, 4748)
(6098, 4747)
(6097, 4747)
(6096, 4747)
(6095, 4746)
(6094, 4745)
(6094, 4746)
(6093, 4746)
(6092, 4745)
(6091, 4744)
(6090, 4743)
(6089, 4742)
(6088, 4742)
(6087, 4741)
(6086, 4740)
(6085, 4740)
(6084, 4740)
(6083, 4740)
(6082, 4739)
(6081, 4738)
(6080, 4737)
(6079, 4737)
(6078, 4736)
(6077, 4735)
(6076, 4734)
(6075, 4735)
(6074, 4734)
(6073, 4733)
(6072, 4733)
(6071, 4733)
(6070, 4732)
(6069, 4731)
(6068, 4730)
(6067, 4729)
(6066, 4728)
(6065, 4727)
(6064, 4728)
(6063, 4728)
(6062, 4727)
(6061, 4727)
(6060, 4726)
(6059, 4725)
(6058, 4725)
(6057, 4724)
(6056, 4724)
(6055, 4724)
(6054, 4723)
(6053, 4722)
(6052, 4721)
(6051, 4720)
(6050, 4720)
(6049, 4720)
(6048, 4719)
(6047, 4718)
(6046, 4717)
(6045, 4717)
(6044, 4716)
(6043, 4715)
(6042, 4714)
(6041, 4714)
(6040, 4714)
(6039, 4713)
(6038, 4712)
(6037, 4711)
(6036, 4712)
(6035, 4712)
(6034, 4713)
(6033, 4712)
(6032, 4711)
(6031, 4710)
(6030, 4710)
(6029, 4709)
(6028, 4709)
(6027, 4708)
(6026, 4708)
(6025, 4709)
(6024, 4709)
(6023, 4709)
(6022, 4709)
(6022, 4710)
(6021, 4710)
(6020, 4709)
(6019, 4708)
(6018, 4707)
(6017, 4707)
(6016, 4706)
(6015, 4705)
(6014, 4704)
(6013, 4703)
(6012, 4702)
(6011, 4701)
(6010, 4700)
(6009, 4699)
(6008, 4699)
(6007, 4699)
(6006, 4698)
(6005, 4698)
(6004, 4697)
(6003, 4697)
(6003, 4698)
(6002, 4698)
(6001, 4698)
(6000, 4697)
(5999, 4696)
(5998, 4695)
(5997, 4694)
(5996, 4694)
(5995, 4693)
(5994, 4693)
(5993, 4692)
(5992, 4691)
(5991, 4692)
(5990, 4692)
(5989, 4691)
(5988, 4691)
(5987, 4690)
(5986, 4689)
(5985, 4688)
(5984, 4687)
(5983, 4687)
(5982, 4686)
(5981, 4686)
(5980, 4685)
(5979, 4684)
(5978, 4684)
(5977, 4683)
(5976, 4682)
(5975, 4682)
(5974, 4681)
(5973, 4680)
(5972, 4679)
(5971, 4678)
(5970, 4677)
(5969, 4676)
(5968, 4676)
(5967, 4675)
(5966, 4674)
(5965, 4674)
(5964, 4673)
(5963, 4672)
(5962, 4671)
(5961, 4670)
(5960, 4669)
(5959, 4668)
(5958, 4667)
(5957, 4666)
(5956, 4665)
(5955, 4664)
(5954, 4664)
(5953, 4664)
(5952, 4663)
(5951, 4662)
(5950, 4661)
(5949, 4660)
(5948, 4660)
(5947, 4659)
(5946, 4658)
(5945, 4657)
(5944, 4656)
(5943, 4655)
(5942, 4654)
(5941, 4653)
(5940, 4652)
(5939, 4651)
(5938, 4650)
(5937, 4650)
(5936, 4649)
(5935, 4648)
(5934, 4647)
(5933, 4646)
(5932, 4645)
(5931, 4644)
(5930, 4643)
(5929, 4642)
(5928, 4641)
(5927, 4640)
(5926, 4639)
(5925, 4638)
(5924, 4637)
(5923, 4636)
(5922, 4635)
(5921, 4634)
(5920, 4633)
(5919, 4632)
(5918, 4631)
(5917, 4630)
(5916, 4629)
(5915, 4628)
(5914, 4627)
(5913, 4626)
(5912, 4625)
(5911, 4624)
(5910, 4623)
(5909, 4622)
(5908, 4621)
(5907, 4620)
(5906, 4619)
(5905, 4618)
(5904, 4617)
(5903, 4616)
(5902, 4615)
(5901, 4614)
(5900, 4613)
(5899, 4612)
(5898, 4612)
(5897, 4611)
(5896, 4610)
(5895, 4609)
(5894, 4608)
(5893, 4607)
(5892, 4606)
(5891, 4605)
(5890, 4604)
(5889, 4603)
(5888, 4602)
(5887, 4601)
(5886, 4601)
(5885, 4600)
(5884, 4599)
(5883, 4598)
(5882, 4597)
(5881, 4596)
(5880, 4595)
(5879, 4595)
(5878, 4594)
(5877, 4593)
(5876, 4594)
(5875, 4593)
(5874, 4592)
(5873, 4591)
(5872, 4590)
(5871, 4589)
(5870, 4588)
(5869, 4587)
(5868, 4586)
(5867, 4585)
(5866, 4585)
(5865, 4584)
(5864, 4584)
(5863, 4584)
(5862, 4583)
(5861, 4582)
(5860, 4582)
(5859, 4581)
(5858, 4581)
(5857, 4580)
(5856, 4579)
(5855, 4578)
(5854, 4577)
(5853, 4576)
(5852, 4577)
(5851, 4576)
(5850, 4575)
(5849, 4576)
(5848, 4575)
(5847, 4574)
(5846, 4573)
(5845, 4572)
(5844, 4571)
(5843, 4570)
(5842, 4569)
(5841, 4569)
(5840, 4568)
(5839, 4567)
(5838, 4566)
(5837, 4565)
(5836, 4564)
(5835, 4563)
(5834, 4562)
(5833, 4561)
(5832, 4560)
(5831, 4559)
(5830, 4559)
(5829, 4560)
(5828, 4560)
(5827, 4559)
(5826, 4558)
(5825, 4557)
(5824, 4556)
(5823, 4555)
(5822, 4554)
(5821, 4555)
(5820, 4554)
(5819, 4553)
(5818, 4552)
(5817, 4551)
(5816, 4550)
(5815, 4549)
(5814, 4549)
(5813, 4549)
(5812, 4548)
(5811, 4547)
(5810, 4546)
(5809, 4545)
(5808, 4544)
(5807, 4545)
(5806, 4544)
(5805, 4543)
(5804, 4542)
(5803, 4541)
(5802, 4541)
(5801, 4540)
(5800, 4539)
(5799, 4538)
(5798, 4537)
(5797, 4536)
(5796, 4535)
(5795, 4534)
(5794, 4533)
(5793, 4533)
(5792, 4532)
(5791, 4531)
(5790, 4530)
(5789, 4529)
(5788, 4529)
(5787, 4528)
(5786, 4527)
(5785, 4526)
(5784, 4525)
(5783, 4524)
(5782, 4523)
(5781, 4522)
(5780, 4522)
(5779, 4521)
(5778, 4520)
(5777, 4519)
(5776, 4518)
(5775, 4517)
(5774, 4516)
(5773, 4515)
(5772, 4514)
(5771, 4513)
(5770, 4512)
(5769, 4511)
(5768, 4510)
(5767, 4511)
(5766, 4510)
(5765, 4510)
(5764, 4509)
(5763, 4508)
(5762, 4507)
(5761, 4506)
(5760, 4505)
(5759, 4504)
(5758, 4503)
(5757, 4502)
(5756, 4501)
(5755, 4500)
(5754, 4499)
(5753, 4498)
(5752, 4497)
(5751, 4496)
(5750, 4495)
(5749, 4494)
(5748, 4493)
(5747, 4493)
(5746, 4492)
(5745, 4491)
(5744, 4490)
(5743, 4489)
(5742, 4488)
(5741, 4487)
(5740, 4486)
(5739, 4485)
(5738, 4484)
(5737, 4483)
(5736, 4482)
(5735, 4481)
(5734, 4480)
(5733, 4479)
(5732, 4478)
(5731, 4477)
(5730, 4476)
(5729, 4475)
(5728, 4474)
(5727, 4473)
(5726, 4472)
(5725, 4471)
(5724, 4470)
(5723, 4470)
(5722, 4470)
(5721, 4470)
(5720, 4471)
(5719, 4471)
(5718, 4471)
(5717, 4472)
(5716, 4472)
(5715, 4472)
(5714, 4472)
(5713, 4473)
(5712, 4473)
(5711, 4472)
(5710, 4472)
(5709, 4471)
(5708, 4471)
(5707, 4471)
(5706, 4471)
(5706, 4472)
(5705, 4471)
(5704, 4472)
(5703, 4471)
(5702, 4470)
(5701, 4470)
(5700, 4470)
(5699, 4469)
(5698, 4468)
(5697, 4467)
(5696, 4467)
(5695, 4466)
(5694, 4465)
(5693, 4464)
(5692, 4464)
(5691, 4463)
(5690, 4462)
(5689, 4461)
(5688, 4460)
(5687, 4459)
(5686, 4458)
(5685, 4457)
(5684, 4457)
(5683, 4456)
(5683, 4455)
(5682, 4454)
(5681, 4453)
(5680, 4452)
(5679, 4451)
(5678, 4450)
(5677, 4449)
(5676, 4448)
(5675, 4447)
(5674, 4446)
(5673, 4445)
(5672, 4444)
(5671, 4444)
(5670, 4444)
(5669, 4443)
(5668, 4442)
(5667, 4441)
(5666, 4440)
(5665, 4439)
(5664, 4438)
(5663, 4437)
(5662, 4436)
(5661, 4435)
(5660, 4434)
(5659, 4433)
(5658, 4432)
(5657, 4431)
(5656, 4430)
(5655, 4429)
(5654, 4428)
(5653, 4427)
(5652, 4426)
(5651, 4425)
(5650, 4424)
(5649, 4423)
(5648, 4422)
(5647, 4421)
(5646, 4420)
(5645, 4419)
(5644, 4418)
(5643, 4417)
(5642, 4416)
(5641, 4415)
(5640, 4414)
(5639, 4413)
(5638, 4413)
(5637, 4412)
(5636, 4412)
(5635, 4411)
(5634, 4410)
(5633, 4409)
(5632, 4408)
(5631, 4407)
(5630, 4406)
(5629, 4405)
(5628, 4404)
(5627, 4403)
(5626, 4402)
(5625, 4401)
(5624, 4400)
(5623, 4399)
(5622, 4398)
(5622, 4397)
(5621, 4396)
(5620, 4396)
(5619, 4396)
(5618, 4395)
(5617, 4394)
(5616, 4393)
(5615, 4393)
(5614, 4392)
(5613, 4391)
(5612, 4390)
(5611, 4389)
(5610, 4388)
(5609, 4387)
(5608, 4387)
(5607, 4386)
(5606, 4386)
(5605, 4385)
(5604, 4384)
(5603, 4383)
(5602, 4382)
(5601, 4381)
(5600, 4380)
(5599, 4379)
(5598, 4378)
(5597, 4377)
(5596, 4377)
(5595, 4376)
(5594, 4375)
(5593, 4375)
(5592, 4374)
(5591, 4373)
(5590, 4372)
(5589, 4371)
(5588, 4370)
(5587, 4369)
(5586, 4369)
(5585, 4368)
(5584, 4367)
(5583, 4366)
(5582, 4365)
(5581, 4364)
(5580, 4363)
(5579, 4364)
(5578, 4363)
(5577, 4362)
(5576, 4361)
(5575, 4360)
(5574, 4359)
(5573, 4359)
(5572, 4358)
(5571, 4357)
(5570, 4357)
(5569, 4356)
(5568, 4355)
(5567, 4354)
(5566, 4353)
(5565, 4353)
(5564, 4353)
(5563, 4352)
(5562, 4351)
(5561, 4350)
(5560, 4349)
(5559, 4348)
(5558, 4347)
(5557, 4346)
(5556, 4345)
(5555, 4344)
(5554, 4343)
(5553, 4342)
(5552, 4341)
(5551, 4340)
(5550, 4340)
(5549, 4339)
(5548, 4339)
(5547, 4338)
(5546, 4337)
(5545, 4336)
(5544, 4335)
(5543, 4334)
(5542, 4333)
(5541, 4332)
(5540, 4331)
(5539, 4330)
(5538, 4330)
(5537, 4330)
(5536, 4329)
(5535, 4328)
(5534, 4327)
(5533, 4326)
(5532, 4325)
(5531, 4324)
(5530, 4323)
(5529, 4322)
(5528, 4321)
(5527, 4320)
(5526, 4319)
(5525, 4318)
(5524, 4317)
(5523, 4316)
(5522, 4316)
(5521, 4315)
(5520, 4316)
(5519, 4315)
(5518, 4314)
(5517, 4313)
(5516, 4312)
(5515, 4311)
(5514, 4310)
(5513, 4309)
(5512, 4309)
(5511, 4308)
(5510, 4307)
(5509, 4306)
(5508, 4305)
(5507, 4304)
(5506, 4303)
(5505, 4302)
(5504, 4301)
(5503, 4300)
(5502, 4299)
(5501, 4298)
(5500, 4297)
(5499, 4297)
(5498, 4297)
(5497, 4296)
(5496, 4295)
(5495, 4294)
(5494, 4293)
(5493, 4292)
(5492, 4291)
(5491, 4290)
(5490, 4290)
(5489, 4289)
(5488, 4288)
(5487, 4287)
(5486, 4286)
(5485, 4285)
(5484, 4284)
(5483, 4285)
(5482, 4285)
(5481, 4284)
(5480, 4283)
(5479, 4283)
(5478, 4283)
(5477, 4282)
(5476, 4281)
(5475, 4280)
(5474, 4279)
(5473, 4278)
(5472, 4277)
(5471, 4277)
(5470, 4277)
(5470, 4278)
(5469, 4277)
(5468, 4276)
(5467, 4275)
(5466, 4274)
(5465, 4273)
(5464, 4272)
(5463, 4271)
(5462, 4270)
(5461, 4269)
(5460, 4270)
(5459, 4270)
(5458, 4269)
(5457, 4268)
(5456, 4267)
(5455, 4266)
(5454, 4267)
(5453, 4266)
(5452, 4265)
(5451, 4265)
(5450, 4264)
(5449, 4263)
(5448, 4262)
(5447, 4261)
(5446, 4260)
(5445, 4260)
(5444, 4259)
(5443, 4258)
(5442, 4257)
(5441, 4256)
(5440, 4255)
(5439, 4254)
(5438, 4253)
(5437, 4252)
(5436, 4251)
(5435, 4250)
(5434, 4249)
(5433, 4249)
(5432, 4249)
(5431, 4248)
(5430, 4247)
(5429, 4247)
(5428, 4246)
(5427, 4247)
(5426, 4247)
(5425, 4246)
(5424, 4247)
(5423, 4246)
(5422, 4245)
(5421, 4244)
(5420, 4243)
(5419, 4242)
(5418, 4241)
(5417, 4240)
(5416, 4239)
(5415, 4238)
(5414, 4237)
(5413, 4236)
(5412, 4236)
(5411, 4236)
(5410, 4235)
(5409, 4234)
(5408, 4233)
(5407, 4232)
(5406, 4231)
(5405, 4230)
(5404, 4229)
(5403, 4228)
(5402, 4227)
(5401, 4226)
(5400, 4225)
(5399, 4224)
(5398, 4223)
(5397, 4222)
(5396, 4222)
(5395, 4223)
(5394, 4223)
(5393, 4222)
(5392, 4221)
(5391, 4220)
(5390, 4219)
(5389, 4218)
(5388, 4217)
(5387, 4216)
(5386, 4215)
(5385, 4214)
(5384, 4213)
(5383, 4212)
(5382, 4211)
(5381, 4210)
(5380, 4209)
(5379, 4208)
(5378, 4207)
(5377, 4206)
(5376, 4205)
(5375, 4204)
(5374, 4203)
(5373, 4202)
(5372, 4201)
(5371, 4200)
(5370, 4199)
(5369, 4198)
(5368, 4197)
(5367, 4197)
(5366, 4196)
(5365, 4196)
(5364, 4196)
(5363, 4195)
(5362, 4194)
(5361, 4194)
(5360, 4194)
(5359, 4193)
(5358, 4192)
(5357, 4191)
(5356, 4190)
(5355, 4189)
(5354, 4188)
(5353, 4187)
(5352, 4186)
(5351, 4185)
(5350, 4184)
(5349, 4183)
(5348, 4182)
(5347, 4181)
(5346, 4181)
(5345, 4180)
(5344, 4179)
(5343, 4179)
(5342, 4178)
(5341, 4177)
(5340, 4177)
(5339, 4177)
(5338, 4176)
(5337, 4176)
(5336, 4176)
(5335, 4175)
(5334, 4174)
(5333, 4173)
(5332, 4172)
(5331, 4171)
(5330, 4170)
(5329, 4169)
(5328, 4169)
(5327, 4168)
(5326, 4167)
(5325, 4166)
(5324, 4165)
(5323, 4165)
(5322, 4164)
(5321, 4163)
(5320, 4162)
(5319, 4161)
(5318, 4160)
(5317, 4159)
(5316, 4158)
(5315, 4157)
(5314, 4157)
(5313, 4156)
(5312, 4155)
(5311, 4154)
(5310, 4153)
(5309, 4152)
(5308, 4151)
(5307, 4150)
(5306, 4149)
(5305, 4148)
(5304, 4147)
(5303, 4146)
(5302, 4145)
(5301, 4144)
(5300, 4143)
(5299, 4142)
(5298, 4141)
(5297, 4140)
(5296, 4139)
(5295, 4138)
(5294, 4137)
(5293, 4136)
(5292, 4135)
(5291, 4136)
(5290, 4135)
(5289, 4134)
(5288, 4133)
(5287, 4132)
(5286, 4131)
(5285, 4130)
(5284, 4129)
(5283, 4128)
(5282, 4127)
(5281, 4126)
(5280, 4125)
(5279, 4124)
(5278, 4123)
(5277, 4122)
(5276, 4121)
(5275, 4120)
(5274, 4119)
(5273, 4118)
(5272, 4117)
(5271, 4116)
(5270, 4115)
(5269, 4114)
(5268, 4113)
(5267, 4112)
(5266, 4111)
(5265, 4110)
(5264, 4109)
(5263, 4109)
(5262, 4108)
(5261, 4107)
(5260, 4106)
(5259, 4106)
(5258, 4105)
(5257, 4105)
(5256, 4104)
(5255, 4103)
(5254, 4102)
(5253, 4101)
(5252, 4100)
(5251, 4099)
(5250, 4098)
(5249, 4097)
(5248, 4096)
(5247, 4095)
(5246, 4094)
(5245, 4093)
(5244, 4093)
(5243, 4092)
(5242, 4091)
(5241, 4090)
(5240, 4089)
(5239, 4088)
(5238, 4087)
(5237, 4087)
(5236, 4087)
(5235, 4086)
(5234, 4085)
(5233, 4086)
(5232, 4085)
(5231, 4084)
(5230, 4083)
(5229, 4082)
(5228, 4081)
(5227, 4080)
(5226, 4080)
(5225, 4079)
(5224, 4078)
(5223, 4077)
(5222, 4076)
(5221, 4075)
(5220, 4075)
(5219, 4074)
(5218, 4074)
(5217, 4073)
(5216, 4072)
(5215, 4071)
(5214, 4070)
(5213, 4070)
(5212, 4069)
(5211, 4068)
(5210, 4067)
(5209, 4066)
(5208, 4065)
(5207, 4064)
(5206, 4064)
(5205, 4063)
(5204, 4062)
(5203, 4061)
(5202, 4060)
(5201, 4059)
(5200, 4059)
(5199, 4058)
(5198, 4057)
(5197, 4056)
(5196, 4055)
(5195, 4054)
(5194, 4053)
(5193, 4052)
(5192, 4051)
(5191, 4050)
(5190, 4049)
(5189, 4048)
(5188, 4047)
(5187, 4046)
(5186, 4046)
(5185, 4045)
(5184, 4044)
(5183, 4043)
(5182, 4042)
(5181, 4042)
(5180, 4043)
(5179, 4042)
(5178, 4041)
(5177, 4040)
(5176, 4039)
(5175, 4038)
(5174, 4037)
(5173, 4036)
(5172, 4036)
(5171, 4036)
(5170, 4036)
(5169, 4035)
(5168, 4034)
(5167, 4034)
(5166, 4033)
(5165, 4032)
(5164, 4031)
(5163, 4030)
(5162, 4029)
(5161, 4028)
(5161, 4027)
(5160, 4026)
(5159, 4025)
(5158, 4025)
(5157, 4024)
(5156, 4023)
(5155, 4022)
(5154, 4021)
(5153, 4020)
(5152, 4019)
(5151, 4018)
(5150, 4017)
(5149, 4016)
(5148, 4015)
(5147, 4014)
(5146, 4013)
(5145, 4012)
(5144, 4011)
(5143, 4010)
(5142, 4009)
(5141, 4008)
(5140, 4007)
(5139, 4007)
(5138, 4007)
(5137, 4007)
(5136, 4007)
(5135, 4006)
(5134, 4005)
(5133, 4004)
(5132, 4004)
(5131, 4003)
(5130, 4002)
(5129, 4003)
(5128, 4002)
(5127, 4001)
(5126, 4000)
(5125, 3999)
(5124, 3998)
(5123, 3997)
(5122, 3996)
(5121, 3995)
(5120, 3994)
(5119, 3993)
(5118, 3992)
(5117, 3991)
(5116, 3990)
(5115, 3989)
(5114, 3989)
(5113, 3989)
(5112, 3988)
(5111, 3987)
(5110, 3986)
(5109, 3985)
(5108, 3985)
(5108, 3986)
(5107, 3985)
(5106, 3984)
(5105, 3984)
(5104, 3983)
(5103, 3982)
(5102, 3981)
(5101, 3980)
(5100, 3979)
(5099, 3978)
(5098, 3977)
(5097, 3977)
(5096, 3976)
(5095, 3975)
(5094, 3974)
(5093, 3973)
(5092, 3972)
(5091, 3972)
(5090, 3971)
(5089, 3970)
(5088, 3969)
(5087, 3968)
(5086, 3967)
(5085, 3966)
(5084, 3965)
(5083, 3964)
(5082, 3963)
(5081, 3962)
(5080, 3961)
(5079, 3960)
(5078, 3959)
(5077, 3958)
(5076, 3957)
(5075, 3956)
(5074, 3955)
(5073, 3954)
(5072, 3953)
(5071, 3953)
(5070, 3952)
(5069, 3951)
(5069, 3950)
(5068, 3949)
(5067, 3949)
(5066, 3948)
(5065, 3947)
(5064, 3946)
(5063, 3945)
(5062, 3944)
(5061, 3944)
(5060, 3943)
(5059, 3942)
(5058, 3941)
(5057, 3940)
(5056, 3939)
(5055, 3938)
(5054, 3937)
(5053, 3937)
(5052, 3937)
(5051, 3936)
(5050, 3935)
(5049, 3934)
(5048, 3933)
(5047, 3932)
(5046, 3931)
(5045, 3930)
(5044, 3929)
(5043, 3928)
(5042, 3927)
(5041, 3926)
(5040, 3925)
(5039, 3924)
(5038, 3923)
(5037, 3922)
(5036, 3922)
(5035, 3921)
(5034, 3920)
(5033, 3919)
(5032, 3919)
(5031, 3918)
(5030, 3917)
(5029, 3916)
(5028, 3915)
(5027, 3914)
(5026, 3913)
(5025, 3912)
(5024, 3911)
(5023, 3910)
(5022, 3909)
(5021, 3909)
(5020, 3909)
(5019, 3909)
(5018, 3908)
(5017, 3907)
(5016, 3907)
(5015, 3907)
(5014, 3907)
(5013, 3906)
(5012, 3905)
(5011, 3904)
(5010, 3903)
(5009, 3902)
(5008, 3901)
(5007, 3900)
(5006, 3899)
(5005, 3898)
(5004, 3897)
(5003, 3896)
(5002, 3896)
(5001, 3896)
(5000, 3895)
(4999, 3895)
(4998, 3894)
(4997, 3893)
(4996, 3893)
(4995, 3892)
(4994, 3891)
(4993, 3890)
(4992, 3889)
(4991, 3888)
(4990, 3887)
(4989, 3886)
(4988, 3886)
(4987, 3886)
(4986, 3885)
(4985, 3884)
(4984, 3883)
(4983, 3882)
(4982, 3881)
(4981, 3881)
(4980, 3881)
(4979, 3880)
(4978, 3879)
(4977, 3878)
(4976, 3877)
(4975, 3876)
(4974, 3875)
(4973, 3874)
(4972, 3873)
(4971, 3872)
(4970, 3871)
(4969, 3870)
(4968, 3869)
(4967, 3868)
(4966, 3867)
(4965, 3866)
(4964, 3865)
(4963, 3864)
(4962, 3864)
(4961, 3864)
(4960, 3863)
(4959, 3862)
(4958, 3861)
(4957, 3862)
(4956, 3863)
(4955, 3863)
(4954, 3862)
(4953, 3861)
(4952, 3860)
(4951, 3859)
(4950, 3858)
(4949, 3857)
(4948, 3856)
(4947, 3855)
(4946, 3854)
(4945, 3853)
(4944, 3852)
(4943, 3851)
(4942, 3850)
(4941, 3850)
(4940, 3849)
(4939, 3848)
(4938, 3847)
(4937, 3846)
(4936, 3845)
(4935, 3844)
(4934, 3843)
(4933, 3842)
(4932, 3841)
(4931, 3840)
(4930, 3839)
(4929, 3838)
(4928, 3837)
(4927, 3836)
(4926, 3835)
(4925, 3834)
(4924, 3833)
(4923, 3832)
(4922, 3831)
(4921, 3830)
(4920, 3829)
(4919, 3828)
(4918, 3827)
(4917, 3826)
(4916, 3826)
(4915, 3827)
(4914, 3826)
(4913, 3826)
(4912, 3825)
(4911, 3824)
(4910, 3823)
(4909, 3822)
(4908, 3821)
(4907, 3820)
(4906, 3819)
(4905, 3818)
(4904, 3817)
(4903, 3816)
(4902, 3815)
(4901, 3814)
(4900, 3813)
(4899, 3812)
(4898, 3811)
(4897, 3810)
(4896, 3809)
(4895, 3808)
(4894, 3808)
(4893, 3809)
(4892, 3810)
(4891, 3809)
(4890, 3808)
(4889, 3807)
(4888, 3806)
(4887, 3806)
(4886, 3805)
(4885, 3804)
(4884, 3803)
(4883, 3803)
(4882, 3802)
(4881, 3803)
(4880, 3802)
(4879, 3801)
(4878, 3800)
(4877, 3799)
(4876, 3798)
(4875, 3797)
(4874, 3796)
(4873, 3795)
(4872, 3794)
(4871, 3793)
(4870, 3792)
(4869, 3791)
(4868, 3790)
(4867, 3789)
(4866, 3788)
(4865, 3788)
(4864, 3788)
(4863, 3787)
(4862, 3787)
(4861, 3787)
(4860, 3786)
(4859, 3785)
(4858, 3784)
(4857, 3784)
(4857, 3785)
(4856, 3784)
(4855, 3783)
(4854, 3782)
(4853, 3781)
(4852, 3780)
(4851, 3780)
(4850, 3779)
(4849, 3779)
(4848, 3778)
(4847, 3777)
(4846, 3777)
(4845, 3776)
(4844, 3775)
(4843, 3774)
(4842, 3773)
(4841, 3772)
(4840, 3772)
(4839, 3772)
(4838, 3773)
(4837, 3772)
(4836, 3771)
(4835, 3770)
(4834, 3770)
(4833, 3770)
(4832, 3769)
(4831, 3768)
(4830, 3768)
(4829, 3767)
(4828, 3766)
(4827, 3765)
(4826, 3764)
(4825, 3764)
(4824, 3763)
(4823, 3762)
(4822, 3761)
(4821, 3760)
(4820, 3759)
(4819, 3758)
(4818, 3757)
(4817, 3756)
(4816, 3755)
(4815, 3755)
(4814, 3754)
(4813, 3753)
(4812, 3752)
(4811, 3751)
(4810, 3750)
(4809, 3749)
(4808, 3748)
(4807, 3747)
(4806, 3746)
(4805, 3745)
(4804, 3744)
(4803, 3743)
(4802, 3742)
(4801, 3741)
(4800, 3740)
(4799, 3739)
(4798, 3738)
(4797, 3737)
(4796, 3736)
(4795, 3735)
(4794, 3734)
(4793, 3733)
(4792, 3732)
(4791, 3731)
(4790, 3730)
(4789, 3729)
(4788, 3728)
(4787, 3727)
(4786, 3726)
(4785, 3725)
(4784, 3725)
(4783, 3724)
(4782, 3723)
(4781, 3723)
(4780, 3722)
(4779, 3721)
(4778, 3720)
(4777, 3719)
(4776, 3718)
(4775, 3718)
(4774, 3717)
(4773, 3716)
(4772, 3715)
(4771, 3714)
(4770, 3713)
(4769, 3712)
(4768, 3711)
(4767, 3710)
(4766, 3709)
(4765, 3708)
(4764, 3707)
(4763, 3706)
(4762, 3705)
(4761, 3704)
(4760, 3703)
(4759, 3702)
(4758, 3701)
(4757, 3700)
(4756, 3699)
(4755, 3698)
(4754, 3697)
(4753, 3696)
(4752, 3696)
(4751, 3696)
(4750, 3695)
(4749, 3694)
(4748, 3693)
(4747, 3693)
(4746, 3692)
(4745, 3692)
(4744, 3693)
(4743, 3692)
(4742, 3691)
(4741, 3690)
(4740, 3689)
(4739, 3688)
(4738, 3687)
(4737, 3686)
(4736, 3685)
(4735, 3684)
(4734, 3683)
(4733, 3682)
(4732, 3681)
(4731, 3680)
(4730, 3679)
(4729, 3678)
(4728, 3677)
(4727, 3676)
(4726, 3676)
(4725, 3675)
(4724, 3674)
(4723, 3674)
(4722, 3674)
(4721, 3673)
(4720, 3672)
(4719, 3671)
(4718, 3671)
(4717, 3671)
(4716, 3672)
(4715, 3672)
(4714, 3672)
(4713, 3672)
(4712, 3672)
(4711, 3671)
(4710, 3670)
(4709, 3669)
(4708, 3668)
(4707, 3669)
(4706, 3668)
(4705, 3668)
(4704, 3667)
(4703, 3666)
(4702, 3665)
(4701, 3664)
(4700, 3663)
(4699, 3662)
(4698, 3661)
(4697, 3660)
(4696, 3659)
(4695, 3658)
(4694, 3657)
(4693, 3656)
(4692, 3655)
(4691, 3654)
(4690, 3653)
(4689, 3652)
(4688, 3651)
(4687, 3650)
(4686, 3649)
(4685, 3648)
(4684, 3647)
(4683, 3646)
(4682, 3645)
(4681, 3644)
(4680, 3643)
(4679, 3642)
(4678, 3641)
(4677, 3640)
(4676, 3639)
(4675, 3638)
(4674, 3637)
(4673, 3637)
(4672, 3636)
(4671, 3635)
(4670, 3634)
(4669, 3633)
(4668, 3632)
(4667, 3631)
(4666, 3630)
(4665, 3629)
(4664, 3628)
(4663, 3627)
(4662, 3626)
(4661, 3625)
(4660, 3624)
(4659, 3623)
(4658, 3622)
(4657, 3621)
(4656, 3620)
(4655, 3619)
(4654, 3618)
(4653, 3617)
(4652, 3616)
(4651, 3615)
(4650, 3614)
(4649, 3614)
(4648, 3613)
(4647, 3612)
(4646, 3612)
(4645, 3611)
(4644, 3610)
(4643, 3609)
(4642, 3608)
(4641, 3607)
(4640, 3606)
(4639, 3605)
(4638, 3604)
(4637, 3603)
(4636, 3602)
(4635, 3601)
(4634, 3600)
(4633, 3599)
(4632, 3598)
(4631, 3597)
(4630, 3596)
(4629, 3595)
(4628, 3594)
(4627, 3593)
(4626, 3592)
(4625, 3591)
(4624, 3590)
(4623, 3589)
(4622, 3588)
(4621, 3587)
(4620, 3586)
(4619, 3585)
(4618, 3584)
(4617, 3583)
(4616, 3583)
(4615, 3582)
(4614, 3581)
(4613, 3580)
(4612, 3579)
(4611, 3578)
(4610, 3577)
(4609, 3576)
(4608, 3575)
(4607, 3574)
(4606, 3573)
(4605, 3572)
(4604, 3571)
(4603, 3570)
(4602, 3569)
(4601, 3568)
(4600, 3567)
(4599, 3566)
(4598, 3565)
(4597, 3564)
(4596, 3563)
(4595, 3562)
(4594, 3561)
(4593, 3560)
(4592, 3559)
(4591, 3558)
(4590, 3557)
(4589, 3556)
(4588, 3555)
(4587, 3554)
(4586, 3553)
(4585, 3552)
(4584, 3551)
(4583, 3550)
(4582, 3549)
(4581, 3548)
(4580, 3548)
(4579, 3547)
(4578, 3546)
(4577, 3545)
(4576, 3544)
(4575, 3543)
(4574, 3542)
(4573, 3541)
(4572, 3540)
(4571, 3539)
(4570, 3538)
(4569, 3537)
(4568, 3536)
(4567, 3535)
(4566, 3534)
(4565, 3533)
(4564, 3532)
(4563, 3531)
(4562, 3530)
(4561, 3529)
(4560, 3528)
(4559, 3527)
(4558, 3526)
(4557, 3525)
(4556, 3524)
(4555, 3524)
(4554, 3524)
(4553, 3523)
(4552, 3522)
(4551, 3521)
(4550, 3520)
(4549, 3519)
(4548, 3518)
(4547, 3517)
(4546, 3516)
(4545, 3515)
(4544, 3515)
(4543, 3514)
(4542, 3514)
(4541, 3513)
(4540, 3513)
(4539, 3513)
(4538, 3512)
(4537, 3513)
(4536, 3513)
(4535, 3512)
(4534, 3513)
(4533, 3512)
(4532, 3511)
(4531, 3510)
(4530, 3510)
(4529, 3509)
(4528, 3509)
(4527, 3510)
(4526, 3510)
(4525, 3510)
(4524, 3510)
(4523, 3509)
(4522, 3508)
(4521, 3509)
(4520, 3508)
(4519, 3507)
(4518, 3506)
(4517, 3505)
(4516, 3504)
(4515, 3503)
(4514, 3502)
(4513, 3501)
(4512, 3500)
(4511, 3499)
(4511, 3500)
(4510, 3500)
(4509, 3500)
(4508, 3499)
(4507, 3498)
(4506, 3497)
(4505, 3496)
(4504, 3495)
(4503, 3495)
(4502, 3494)
(4501, 3493)
(4500, 3492)
(4499, 3491)
(4498, 3491)
(4497, 3490)
(4496, 3489)
(4495, 3489)
(4494, 3488)
(4493, 3487)
(4492, 3486)
(4491, 3485)
(4490, 3484)
(4489, 3483)
(4488, 3482)
(4487, 3481)
(4486, 3480)
(4485, 3479)
(4484, 3478)
(4483, 3477)
(4482, 3476)
(4481, 3475)
(4480, 3474)
(4479, 3475)
(4478, 3474)
(4477, 3473)
(4476, 3472)
(4475, 3471)
(4474, 3470)
(4473, 3469)
(4472, 3468)
(4471, 3467)
(4470, 3466)
(4469, 3465)
(4468, 3464)
(4467, 3463)
(4466, 3462)
(4465, 3461)
(4464, 3460)
(4463, 3460)
(4462, 3459)
(4461, 3458)
(4460, 3457)
(4459, 3456)
(4458, 3455)
(4457, 3454)
(4456, 3453)
(4455, 3452)
(4454, 3451)
(4453, 3450)
(4452, 3450)
(4451, 3449)
(4450, 3448)
(4449, 3447)
(4448, 3446)
(4447, 3445)
(4446, 3444)
(4445, 3443)
(4444, 3442)
(4443, 3441)
(4442, 3440)
(4441, 3439)
(4440, 3438)
(4439, 3437)
(4438, 3436)
(4437, 3435)
(4436, 3435)
(4435, 3434)
(4434, 3433)
(4433, 3433)
(4432, 3433)
(4431, 3433)
(4430, 3432)
(4429, 3432)
(4428, 3431)
(4427, 3430)
(4426, 3429)
(4425, 3428)
(4424, 3427)
(4423, 3426)
(4422, 3425)
(4421, 3424)
(4420, 3423)
(4419, 3423)
(4418, 3423)
(4417, 3422)
(4416, 3421)
(4415, 3420)
(4414, 3420)
(4413, 3419)
(4412, 3418)
(4411, 3418)
(4410, 3419)
(4409, 3419)
(4408, 3418)
(4407, 3417)
(4406, 3416)
(4405, 3416)
(4404, 3415)
(4403, 3414)
(4402, 3414)
(4401, 3413)
(4400, 3412)
(4399, 3411)
(4398, 3410)
(4397, 3409)
(4396, 3408)
(4395, 3408)
(4394, 3407)
(4393, 3406)
(4392, 3406)
(4391, 3405)
(4390, 3404)
(4389, 3403)
(4388, 3402)
(4387, 3401)
(4386, 3400)
(4385, 3399)
(4384, 3398)
(4383, 3397)
(4382, 3396)
(4381, 3395)
(4380, 3394)
(4379, 3393)
(4378, 3392)
(4377, 3391)
(4376, 3391)
(4375, 3390)
(4374, 3389)
(4373, 3388)
(4372, 3387)
(4371, 3387)
(4370, 3386)
(4369, 3385)
(4368, 3384)
(4367, 3383)
(4366, 3382)
(4365, 3381)
(4364, 3380)
(4363, 3379)
(4362, 3378)
(4361, 3377)
(4360, 3376)
(4359, 3375)
(4358, 3374)
(4357, 3373)
(4356, 3372)
(4355, 3371)
(4354, 3370)
(4353, 3369)
(4352, 3368)
(4351, 3367)
(4350, 3366)
(4349, 3366)
(4348, 3365)
(4347, 3364)
(4346, 3363)
(4345, 3362)
(4344, 3361)
(4343, 3360)
(4342, 3359)
(4341, 3358)
(4340, 3357)
(4339, 3356)
(4338, 3355)
(4337, 3354)
(4336, 3353)
(4335, 3353)
(4334, 3352)
(4333, 3352)
(4332, 3351)
(4331, 3350)
(4330, 3349)
(4329, 3348)
(4328, 3347)
(4327, 3346)
(4326, 3345)
(4325, 3344)
(4324, 3343)
(4323, 3342)
(4322, 3341)
(4321, 3340)
(4320, 3339)
(4319, 3338)
(4318, 3337)
(4317, 3337)
(4316, 3336)
(4315, 3335)
(4314, 3334)
(4313, 3333)
(4312, 3332)
(4311, 3331)
(4310, 3330)
(4309, 3329)
(4308, 3328)
(4307, 3327)
(4306, 3326)
(4305, 3325)
(4304, 3324)
(4303, 3323)
(4302, 3322)
(4301, 3321)
(4300, 3320)
(4299, 3319)
(4298, 3318)
(4297, 3317)
(4296, 3316)
(4295, 3315)
(4294, 3316)
(4293, 3315)
(4292, 3314)
(4291, 3315)
(4290, 3314)
(4289, 3313)
(4288, 3312)
(4287, 3311)
(4286, 3310)
(4285, 3309)
(4284, 3308)
(4283, 3307)
(4282, 3306)
(4281, 3307)
(4280, 3306)
(4279, 3305)
(4278, 3304)
(4277, 3304)
(4276, 3303)
(4275, 3302)
(4274, 3301)
(4273, 3300)
(4272, 3299)
(4271, 3298)
(4270, 3297)
(4269, 3296)
(4268, 3295)
(4267, 3294)
(4266, 3293)
(4265, 3292)
(4264, 3291)
(4263, 3290)
(4262, 3289)
(4261, 3288)
(4260, 3287)
(4259, 3286)
(4258, 3285)
(4257, 3284)
(4256, 3284)
(4255, 3283)
(4254, 3282)
(4253, 3281)
(4252, 3280)
(4251, 3279)
(4250, 3278)
(4249, 3277)
(4248, 3276)
(4247, 3275)
(4246, 3274)
(4245, 3273)
(4244, 3272)
(4243, 3271)
(4242, 3270)
(4241, 3269)
(4240, 3268)
(4239, 3267)
(4238, 3266)
(4237, 3265)
(4236, 3264)
(4235, 3263)
(4234, 3262)
(4233, 3262)
(4232, 3261)
(4231, 3261)
(4230, 3260)
(4229, 3259)
(4228, 3258)
(4227, 3257)
(4226, 3258)
(4225, 3257)
(4224, 3256)
(4223, 3255)
(4222, 3254)
(4221, 3253)
(4220, 3252)
(4219, 3251)
(4218, 3250)
(4217, 3249)
(4216, 3248)
(4215, 3247)
(4214, 3246)
(4213, 3245)
(4212, 3244)
(4211, 3243)
(4210, 3242)
(4209, 3241)
(4208, 3240)
(4207, 3239)
(4206, 3238)
(4205, 3237)
(4204, 3237)
(4203, 3236)
(4202, 3235)
(4201, 3234)
(4200, 3233)
(4199, 3232)
(4198, 3231)
(4197, 3230)
(4196, 3229)
(4195, 3228)
(4194, 3227)
(4193, 3226)
(4192, 3225)
(4191, 3224)
(4190, 3223)
(4189, 3222)
(4188, 3222)
(4187, 3221)
(4186, 3220)
(4186, 3219)
(4185, 3218)
(4184, 3217)
(4183, 3216)
(4182, 3215)
(4181, 3214)
(4180, 3213)
(4179, 3214)
(4178, 3214)
(4177, 3213)
(4176, 3212)
(4175, 3211)
(4174, 3210)
(4173, 3209)
(4172, 3208)
(4171, 3207)
(4170, 3206)
(4169, 3205)
(4168, 3206)
(4167, 3205)
(4166, 3204)
(4165, 3203)
(4164, 3204)
(4163, 3203)
(4162, 3202)
(4161, 3201)
(4160, 3200)
(4159, 3200)
(4158, 3199)
(4157, 3198)
(4156, 3197)
(4155, 3196)
(4154, 3196)
(4153, 3195)
(4152, 3194)
(4151, 3193)
(4150, 3192)
(4149, 3191)
(4148, 3190)
(4147, 3189)
(4146, 3188)
(4145, 3187)
(4144, 3186)
(4143, 3185)
(4142, 3184)
(4141, 3183)
(4140, 3184)
(4139, 3183)
(4138, 3182)
(4137, 3181)
(4136, 3180)
(4135, 3179)
(4134, 3179)
(4133, 3178)
(4132, 3177)
(4131, 3176)
(4130, 3175)
(4129, 3175)
(4128, 3175)
(4127, 3174)
(4126, 3173)
(4125, 3172)
(4124, 3171)
(4123, 3170)
(4122, 3169)
(4121, 3168)
(4120, 3167)
(4119, 3166)
(4118, 3165)
(4117, 3164)
(4116, 3163)
(4115, 3162)
(4114, 3161)
(4113, 3161)
(4112, 3160)
(4111, 3159)
(4110, 3158)
(4109, 3157)
(4108, 3156)
(4107, 3156)
(4106, 3155)
(4105, 3154)
(4104, 3153)
(4103, 3152)
(4102, 3152)
(4101, 3151)
(4100, 3150)
(4099, 3149)
(4098, 3148)
(4097, 3147)
(4096, 3146)
(4095, 3146)
(4094, 3145)
(4093, 3144)
(4092, 3143)
(4091, 3143)
(4090, 3142)
(4089, 3141)
(4088, 3140)
(4087, 3139)
(4086, 3138)
(4085, 3137)
(4084, 3136)
(4083, 3135)
(4082, 3134)
(4081, 3133)
(4080, 3132)
(4079, 3131)
(4078, 3130)
(4077, 3130)
(4076, 3129)
(4075, 3129)
(4074, 3128)
(4073, 3128)
(4072, 3127)
(4071, 3126)
(4070, 3125)
(4069, 3124)
(4068, 3123)
(4067, 3123)
(4066, 3122)
(4065, 3121)
(4064, 3120)
(4063, 3119)
(4062, 3118)
(4061, 3117)
(4060, 3116)
(4059, 3115)
(4058, 3114)
(4057, 3113)
(4056, 3112)
(4055, 3111)
(4054, 3112)
(4053, 3111)
(4052, 3112)
(4051, 3112)
(4050, 3113)
(4049, 3112)
(4048, 3111)
(4047, 3110)
(4046, 3109)
(4045, 3108)
(4044, 3107)
(4043, 3106)
(4042, 3105)
(4041, 3104)
(4040, 3105)
(4039, 3104)
(4038, 3103)
(4037, 3102)
(4036, 3101)
(4035, 3100)
(4034, 3099)
(4033, 3098)
(4032, 3097)
(4031, 3096)
(4030, 3095)
(4029, 3096)
(4028, 3097)
(4027, 3096)
(4026, 3096)
(4025, 3095)
(4024, 3096)
(4023, 3096)
(4022, 3095)
(4021, 3094)
(4020, 3093)
(4019, 3092)
(4018, 3091)
(4017, 3090)
(4016, 3089)
(4015, 3088)
(4014, 3088)
(4013, 3087)
(4012, 3087)
(4011, 3087)
(4010, 3086)
(4009, 3086)
(4008, 3085)
(4007, 3084)
(4006, 3083)
(4005, 3082)
(4004, 3081)
(4003, 3080)
(4002, 3080)
(4001, 3079)
(4000, 3078)
(3999, 3077)
(3998, 3076)
(3997, 3075)
(3996, 3074)
(3995, 3073)
(3994, 3072)
(3993, 3071)
(3992, 3071)
(3991, 3070)
(3990, 3069)
(3989, 3068)
(3988, 3067)
(3987, 3066)
(3986, 3065)
(3985, 3065)
(3984, 3065)
(3983, 3065)
(3982, 3064)
(3981, 3063)
(3980, 3062)
(3979, 3061)
(3978, 3060)
(3977, 3059)
(3976, 3059)
(3975, 3058)
(3974, 3057)
(3973, 3056)
(3972, 3055)
(3971, 3055)
(3970, 3054)
(3969, 3053)
(3968, 3052)
(3967, 3053)
(3966, 3052)
(3965, 3051)
(3964, 3051)
(3963, 3050)
(3962, 3049)
(3961, 3048)
(3960, 3048)
(3959, 3047)
(3958, 3046)
(3957, 3045)
(3956, 3044)
(3955, 3043)
(3954, 3042)
(3953, 3041)
(3952, 3040)
(3951, 3039)
(3950, 3038)
(3949, 3037)
(3948, 3036)
(3947, 3035)
(3946, 3034)
(3945, 3033)
(3944, 3032)
(3943, 3031)
(3942, 3030)
(3941, 3029)
(3940, 3028)
(3939, 3027)
(3938, 3026)
(3937, 3025)
(3936, 3024)
(3935, 3023)
(3934, 3022)
(3933, 3021)
(3932, 3020)
(3931, 3019)
(3930, 3018)
(3929, 3017)
(3928, 3016)
(3927, 3016)
(3926, 3015)
(3925, 3014)
(3924, 3013)
(3923, 3012)
(3922, 3011)
(3921, 3010)
(3920, 3009)
(3919, 3008)
(3918, 3007)
(3917, 3006)
(3916, 3005)
(3915, 3004)
(3914, 3003)
(3913, 3002)
(3912, 3001)
(3911, 3000)
(3910, 2999)
(3909, 2998)
(3908, 2997)
(3907, 2996)
(3906, 2995)
(3905, 2994)
(3904, 2993)
(3903, 2992)
(3902, 2991)
(3901, 2990)
(3900, 2989)
(3899, 2988)
(3898, 2987)
(3897, 2987)
(3896, 2986)
(3895, 2985)
(3894, 2984)
(3893, 2983)
(3892, 2982)
(3891, 2982)
(3890, 2981)
(3889, 2980)
(3888, 2979)
(3887, 2978)
(3886, 2977)
(3885, 2976)
(3884, 2976)
(3883, 2976)
(3882, 2975)
(3881, 2974)
(3880, 2973)
(3879, 2972)
(3878, 2971)
(3877, 2970)
(3876, 2969)
(3875, 2968)
(3874, 2967)
(3873, 2967)
(3872, 2966)
(3871, 2965)
(3870, 2965)
(3869, 2964)
(3868, 2963)
(3867, 2962)
(3866, 2962)
(3865, 2961)
(3864, 2960)
(3863, 2961)
(3862, 2961)
(3861, 2960)
(3860, 2959)
(3859, 2959)
(3858, 2958)
(3857, 2957)
(3856, 2958)
(3855, 2957)
(3854, 2956)
(3853, 2957)
(3852, 2958)
(3851, 2957)
(3850, 2956)
(3849, 2956)
(3848, 2955)
(3847, 2954)
(3846, 2953)
(3845, 2953)
(3844, 2952)
(3843, 2951)
(3842, 2951)
(3841, 2950)
(3840, 2950)
(3839, 2949)
(3838, 2948)
(3837, 2947)
(3836, 2946)
(3835, 2946)
(3834, 2945)
(3833, 2946)
(3832, 2947)
(3831, 2948)
(3830, 2948)
(3829, 2947)
(3828, 2946)
(3827, 2945)
(3826, 2945)
(3825, 2945)
(3824, 2944)
(3823, 2943)
(3822, 2942)
(3821, 2941)
(3820, 2940)
(3819, 2939)
(3818, 2938)
(3817, 2938)
(3816, 2938)
(3815, 2937)
(3814, 2936)
(3813, 2935)
(3812, 2934)
(3811, 2933)
(3810, 2932)
(3809, 2931)
(3808, 2930)
(3807, 2929)
(3806, 2928)
(3805, 2927)
(3804, 2926)
(3803, 2925)
(3802, 2924)
(3801, 2923)
(3800, 2922)
(3799, 2921)
(3798, 2921)
(3797, 2920)
(3796, 2919)
(3795, 2919)
(3794, 2918)
(3793, 2917)
(3792, 2916)
(3791, 2915)
(3790, 2914)
(3789, 2913)
(3788, 2912)
(3787, 2911)
(3786, 2911)
(3785, 2911)
(3784, 2911)
(3783, 2911)
(3782, 2910)
(3781, 2909)
(3780, 2909)
(3779, 2909)
(3778, 2908)
(3777, 2908)
(3776, 2907)
(3775, 2906)
(3774, 2905)
(3773, 2904)
(3772, 2903)
(3771, 2903)
(3770, 2902)
(3769, 2901)
(3768, 2900)
(3767, 2899)
(3766, 2898)
(3765, 2897)
(3764, 2897)
(3763, 2897)
(3762, 2897)
(3761, 2897)
(3760, 2897)
(3759, 2897)
(3758, 2897)
(3757, 2897)
(3756, 2896)
(3755, 2895)
(3754, 2894)
(3753, 2893)
(3752, 2892)
(3751, 2891)
(3750, 2890)
(3749, 2889)
(3748, 2888)
(3747, 2887)
(3746, 2887)
(3745, 2887)
(3744, 2887)
(3743, 2887)
(3742, 2886)
(3741, 2885)
(3740, 2884)
(3739, 2884)
(3738, 2883)
(3737, 2882)
(3736, 2881)
(3735, 2881)
(3734, 2881)
(3733, 2881)
(3732, 2880)
(3731, 2879)
(3730, 2878)
(3729, 2877)
(3728, 2876)
(3727, 2875)
(3726, 2874)
(3725, 2873)
(3724, 2872)
(3723, 2872)
(3722, 2871)
(3721, 2870)
(3720, 2869)
(3719, 2868)
(3718, 2867)
(3717, 2866)
(3716, 2865)
(3715, 2864)
(3714, 2863)
(3713, 2862)
(3712, 2861)
(3711, 2860)
(3710, 2859)
(3709, 2858)
(3708, 2857)
(3707, 2856)
(3706, 2855)
(3705, 2854)
(3704, 2853)
(3703, 2852)
(3702, 2851)
(3701, 2850)
(3700, 2849)
(3699, 2848)
(3698, 2847)
(3697, 2848)
(3696, 2847)
(3695, 2846)
(3694, 2845)
(3693, 2844)
(3692, 2843)
(3691, 2842)
(3690, 2842)
(3689, 2841)
(3688, 2840)
(3687, 2839)
(3686, 2838)
(3685, 2837)
(3684, 2836)
(3683, 2835)
(3682, 2834)
(3681, 2834)
(3680, 2833)
(3679, 2832)
(3678, 2833)
(3677, 2833)
(3676, 2833)
(3675, 2834)
(3674, 2834)
(3673, 2833)
(3672, 2833)
(3671, 2833)
(3670, 2832)
(3669, 2831)
(3668, 2830)
(3667, 2829)
(3666, 2828)
(3665, 2827)
(3664, 2826)
(3663, 2825)
(3662, 2824)
(3661, 2823)
(3660, 2822)
(3659, 2821)
(3658, 2820)
(3657, 2819)
(3656, 2818)
(3655, 2817)
(3654, 2816)
(3653, 2815)
(3652, 2814)
(3651, 2813)
(3650, 2813)
(3649, 2812)
(3648, 2811)
(3647, 2810)
(3646, 2809)
(3645, 2808)
(3644, 2807)
(3643, 2806)
(3642, 2806)
(3641, 2806)
(3640, 2805)
(3639, 2804)
(3638, 2803)
(3637, 2802)
(3636, 2801)
(3635, 2800)
(3634, 2799)
(3633, 2798)
(3632, 2797)
(3631, 2796)
(3630, 2797)
(3629, 2796)
(3628, 2797)
(3627, 2796)
(3626, 2797)
(3625, 2796)
(3624, 2795)
(3623, 2794)
(3622, 2793)
(3621, 2792)
(3620, 2791)
(3619, 2791)
(3618, 2790)
(3617, 2789)
(3616, 2788)
(3615, 2787)
(3614, 2786)
(3613, 2785)
(3612, 2784)
(3611, 2783)
(3610, 2783)
(3609, 2782)
(3608, 2781)
(3607, 2780)
(3606, 2779)
(3605, 2778)
(3604, 2777)
(3603, 2776)
(3602, 2775)
(3601, 2774)
(3600, 2774)
(3599, 2773)
(3598, 2772)
(3597, 2773)
(3596, 2772)
(3595, 2772)
(3594, 2772)
(3593, 2772)
(3592, 2772)
(3591, 2772)
(3590, 2772)
(3589, 2773)
(3589, 2774)
(3588, 2774)
(3587, 2774)
(3586, 2773)
(3585, 2772)
(3584, 2771)
(3583, 2770)
(3582, 2769)
(3581, 2768)
(3580, 2767)
(3579, 2766)
(3578, 2765)
(3577, 2764)
(3576, 2763)
(3575, 2763)
(3574, 2762)
(3573, 2761)
(3572, 2760)
(3571, 2760)
(3570, 2759)
(3569, 2760)
(3568, 2759)
(3567, 2758)
(3566, 2757)
(3565, 2756)
(3564, 2755)
(3563, 2754)
(3562, 2753)
(3561, 2752)
(3560, 2751)
(3559, 2752)
(3558, 2752)
(3557, 2751)
(3556, 2750)
(3555, 2749)
(3554, 2748)
(3553, 2747)
(3552, 2747)
(3551, 2747)
(3550, 2746)
(3549, 2745)
(3548, 2744)
(3547, 2743)
(3546, 2742)
(3545, 2741)
(3544, 2740)
(3543, 2739)
(3542, 2740)
(3541, 2740)
(3540, 2739)
(3539, 2738)
(3538, 2737)
(3537, 2736)
(3536, 2735)
(3535, 2735)
(3534, 2734)
(3533, 2733)
(3532, 2732)
(3531, 2731)
(3530, 2730)
(3529, 2729)
(3528, 2728)
(3527, 2727)
(3526, 2726)
(3525, 2726)
(3524, 2725)
(3523, 2724)
(3522, 2723)
(3521, 2722)
(3520, 2721)
(3519, 2720)
(3518, 2719)
(3517, 2718)
(3516, 2717)
(3515, 2716)
(3514, 2715)
(3513, 2714)
(3512, 2713)
(3511, 2712)
(3510, 2711)
(3509, 2710)
(3508, 2710)
(3507, 2709)
(3506, 2708)
(3505, 2707)
(3504, 2707)
(3503, 2706)
(3502, 2705)
(3501, 2705)
(3500, 2704)
(3499, 2703)
(3498, 2702)
(3497, 2702)
(3496, 2701)
(3495, 2700)
(3494, 2699)
(3493, 2698)
(3492, 2697)
(3491, 2696)
(3490, 2695)
(3489, 2694)
(3488, 2693)
(3487, 2692)
(3486, 2691)
(3485, 2690)
(3484, 2689)
(3483, 2688)
(3482, 2687)
(3481, 2686)
(3480, 2685)
(3479, 2684)
(3478, 2683)
(3477, 2683)
(3476, 2683)
(3475, 2682)
(3474, 2682)
(3473, 2682)
(3472, 2681)
(3471, 2680)
(3470, 2679)
(3469, 2678)
(3468, 2677)
(3467, 2676)
(3466, 2675)
(3465, 2674)
(3464, 2673)
(3463, 2672)
(3462, 2671)
(3461, 2670)
(3460, 2669)
(3459, 2668)
(3458, 2667)
(3457, 2666)
(3456, 2665)
(3455, 2666)
(3454, 2667)
(3453, 2667)
(3452, 2667)
(3451, 2667)
(3450, 2667)
(3449, 2668)
(3448, 2668)
(3447, 2669)
(3446, 2669)
(3446, 2670)
(3445, 2670)
(3444, 2670)
(3443, 2670)
(3443, 2671)
(3442, 2671)
(3441, 2671)
(3440, 2671)
(3439, 2672)
(3438, 2672)
(3437, 2672)
(3436, 2672)
(3435, 2673)
(3434, 2673)
(3433, 2674)
(3432, 2675)
(3431, 2676)
(3431, 2677)
(3430, 2677)
(3429, 2677)
(3428, 2677)
(3428, 2678)
(3427, 2678)
(3426, 2678)
(3425, 2678)
(3425, 2679)
(3426, 2679)
(3425, 2680)
(3424, 2681)
(3423, 2681)
(3422, 2681)
(3421, 2681)
(3420, 2681)
(3419, 2680)
(3418, 2680)
(3418, 2681)
(3417, 2681)
(3416, 2681)
(3415, 2682)
(3414, 2683)
(3413, 2684)
(3412, 2684)
(3411, 2684)
(3410, 2684)
(3409, 2685)
(3408, 2686)
(3407, 2686)
(3406, 2687)
(3405, 2688)
(3404, 2688)
(3403, 2689)
(3402, 2690)
(3401, 2691)
(3400, 2692)
(3399, 2692)
(3398, 2692)
(3397, 2693)
(3396, 2693)
(3395, 2694)
(3394, 2694)
(3393, 2695)
(3392, 2696)
(3391, 2696)
(3390, 2697)
(3389, 2697)
(3388, 2697)
(3387, 2697)
(3386, 2697)
(3385, 2697)
(3384, 2697)
(3383, 2697)
(3382, 2697)
(3381, 2697)
(3380, 2697)
(3379, 2697)
(3378, 2697)
(3377, 2697)
(3376, 2697)
(3375, 2697)
(3374, 2696)
(3373, 2696)
(3372, 2695)
(3371, 2696)
(3370, 2697)
(3369, 2698)
(3368, 2699)
(3367, 2700)
(3366, 2701)
(3365, 2701)
(3364, 2702)
(3365, 2703)
(3364, 2703)
(3363, 2703)
(3364, 2704)
(3363, 2704)
(3362, 2704)
(3361, 2705)
(3362, 2705)
(3362, 2706)
(3361, 2706)
(3360, 2706)
(3359, 2707)
(3360, 2707)
(3360, 2708)
(3359, 2708)
(3358, 2708)
(3357, 2709)
(3356, 2708)
(3355, 2708)
(3354, 2708)
(3353, 2708)
(3352, 2708)
(3351, 2708)
(3350, 2708)
(3349, 2708)
(3348, 2708)
(3347, 2707)
(3346, 2707)
(3345, 2706)
(3344, 2705)
(3343, 2705)
(3342, 2704)
(3341, 2703)
(3340, 2704)
(3339, 2704)
(3338, 2703)
(3337, 2703)
(3336, 2702)
(3335, 2701)
(3334, 2700)
(3333, 2699)
(3332, 2699)
(3332, 2700)
(3331, 2700)
(3331, 2701)
(3330, 2701)
(3330, 2702)
(3329, 2702)
(3328, 2701)
(3327, 2701)
(3326, 2700)
(3325, 2700)
(3324, 2700)
(3323, 2701)
(3322, 2702)
(3321, 2703)
(3320, 2704)
(3319, 2704)
(3318, 2705)
(3317, 2705)
(3316, 2705)
(3315, 2705)
(3314, 2704)
(3313, 2703)
(3312, 2702)
(3311, 2701)
(3310, 2700)
(3309, 2699)
(3308, 2699)
(3307, 2699)
(3306, 2699)
(3305, 2698)
(3304, 2697)
(3303, 2696)
(3302, 2696)
(3301, 2696)
(3300, 2695)
(3299, 2694)
(3298, 2693)
(3297, 2692)
(3296, 2691)
(3295, 2690)
(3294, 2689)
(3293, 2688)
(3292, 2687)
(3291, 2686)
(3290, 2685)
(3289, 2684)
(3288, 2683)
(3287, 2682)
(3286, 2681)
(3285, 2680)
(3284, 2679)
(3283, 2678)
(3282, 2677)
(3281, 2676)
(3280, 2675)
(3279, 2674)
(3278, 2673)
(3277, 2672)
(3276, 2671)
(3275, 2670)
(3274, 2669)
(3273, 2668)
(3272, 2667)
(3271, 2666)
(3270, 2665)
(3269, 2664)
(3268, 2663)
(3267, 2662)
(3266, 2661)
(3265, 2660)
(3264, 2659)
(3263, 2658)
(3262, 2657)
(3261, 2656)
(3260, 2655)
(3259, 2654)
(3258, 2653)
(3257, 2652)
(3256, 2651)
(3255, 2650)
(3254, 2649)
(3253, 2648)
(3252, 2647)
(3251, 2646)
(3250, 2645)
(3249, 2644)
(3248, 2643)
(3247, 2642)
(3246, 2641)
(3245, 2640)
(3244, 2639)
(3243, 2638)
(3242, 2637)
(3241, 2636)
(3240, 2635)
(3239, 2634)
(3238, 2633)
(3237, 2632)
(3236, 2632)
(3235, 2631)
(3234, 2630)
(3233, 2629)
(3232, 2628)
(3231, 2627)
(3230, 2626)
(3229, 2625)
(3228, 2624)
(3227, 2623)
(3226, 2622)
(3225, 2621)
(3224, 2620)
(3223, 2619)
(3222, 2618)
(3221, 2617)
(3220, 2616)
(3219, 2615)
(3218, 2614)
(3217, 2613)
(3216, 2612)
(3215, 2611)
(3214, 2610)
(3213, 2609)
(3212, 2608)
(3211, 2608)
(3210, 2607)
(3209, 2606)
(3208, 2605)
(3207, 2604)
(3206, 2603)
(3205, 2602)
(3204, 2601)
(3203, 2600)
(3202, 2599)
(3201, 2600)
(3200, 2599)
(3199, 2598)
(3198, 2597)
(3197, 2596)
(3196, 2595)
(3195, 2594)
(3194, 2593)
(3193, 2592)
(3192, 2592)
(3191, 2591)
(3190, 2590)
(3189, 2589)
(3188, 2588)
(3187, 2587)
(3186, 2586)
(3185, 2585)
(3184, 2584)
(3183, 2583)
(3182, 2582)
(3181, 2581)
(3180, 2580)
(3179, 2579)
(3178, 2578)
(3177, 2577)
(3176, 2576)
(3175, 2575)
(3174, 2574)
(3173, 2573)
(3172, 2572)
(3171, 2572)
(3170, 2571)
(3169, 2570)
(3168, 2569)
(3167, 2568)
(3166, 2567)
(3165, 2566)
(3164, 2565)
(3163, 2564)
(3162, 2563)
(3161, 2562)
(3160, 2561)
(3159, 2560)
(3158, 2559)
(3157, 2558)
(3156, 2557)
(3155, 2556)
(3154, 2555)
(3153, 2554)
(3152, 2553)
(3151, 2552)
(3150, 2551)
(3149, 2550)
(3148, 2549)
(3147, 2548)
(3146, 2547)
(3145, 2546)
(3144, 2545)
(3143, 2544)
(3142, 2543)
(3141, 2542)
(3140, 2541)
(3139, 2540)
(3138, 2539)
(3137, 2538)
(3136, 2537)
(3135, 2536)
(3134, 2535)
(3133, 2534)
(3132, 2533)
(3131, 2532)
(3130, 2531)
(3129, 2530)
(3128, 2529)
(3127, 2528)
(3126, 2527)
(3125, 2526)
(3124, 2525)
(3123, 2525)
(3122, 2524)
(3121, 2523)
(3120, 2522)
(3119, 2521)
(3118, 2520)
(3117, 2519)
(3116, 2518)
(3115, 2517)
(3114, 2518)
(3113, 2518)
(3112, 2517)
(3111, 2516)
(3110, 2515)
(3109, 2514)
(3108, 2513)
(3107, 2512)
(3106, 2512)
(3105, 2511)
(3104, 2510)
(3103, 2509)
(3102, 2508)
(3101, 2507)
(3100, 2506)
(3099, 2505)
(3098, 2504)
(3097, 2503)
(3096, 2503)
(3095, 2503)
(3094, 2503)
(3093, 2502)
(3092, 2501)
(3091, 2500)
(3090, 2499)
(3089, 2498)
(3088, 2498)
(3087, 2499)
(3086, 2498)
(3085, 2498)
(3084, 2497)
(3083, 2496)
(3082, 2495)
(3081, 2494)
(3080, 2493)
(3079, 2492)
(3078, 2491)
(3077, 2490)
(3076, 2489)
(3075, 2488)
(3074, 2487)
(3073, 2486)
(3072, 2485)
(3071, 2484)
(3070, 2483)
(3069, 2482)
(3068, 2481)
(3067, 2480)
(3066, 2479)
(3065, 2478)
(3064, 2477)
(3063, 2476)
(3062, 2476)
(3061, 2475)
(3060, 2474)
(3059, 2475)
(3058, 2474)
(3057, 2474)
(3056, 2474)
(3055, 2474)
(3054, 2473)
(3053, 2472)
(3052, 2471)
(3051, 2470)
(3050, 2469)
(3049, 2469)
(3048, 2468)
(3047, 2467)
(3046, 2466)
(3045, 2465)
(3044, 2464)
(3043, 2463)
(3042, 2462)
(3041, 2461)
(3040, 2460)
(3039, 2460)
(3038, 2459)
(3037, 2458)
(3036, 2457)
(3035, 2456)
(3034, 2455)
(3033, 2454)
(3032, 2453)
(3031, 2453)
(3030, 2453)
(3029, 2452)
(3028, 2451)
(3027, 2450)
(3026, 2449)
(3025, 2448)
(3024, 2447)
(3023, 2447)
(3022, 2446)
(3021, 2445)
(3020, 2444)
(3019, 2443)
(3018, 2442)
(3017, 2441)
(3016, 2440)
(3015, 2439)
(3014, 2439)
(3013, 2438)
(3012, 2438)
(3011, 2437)
(3010, 2437)
(3009, 2438)
(3008, 2437)
(3007, 2436)
(3006, 2435)
(3005, 2434)
(3004, 2433)
(3003, 2432)
(3002, 2431)
(3001, 2430)
(3000, 2429)
(2999, 2428)
(2998, 2427)
(2997, 2426)
(2996, 2425)
(2995, 2424)
(2994, 2423)
(2993, 2422)
(2992, 2421)
(2991, 2420)
(2990, 2419)
(2989, 2418)
(2988, 2417)
(2987, 2416)
(2986, 2415)
(2985, 2414)
(2984, 2413)
(2983, 2412)
(2982, 2411)
(2981, 2410)
(2980, 2409)
(2979, 2408)
(2978, 2407)
(2977, 2406)
(2976, 2405)
(2975, 2404)
(2974, 2403)
(2973, 2402)
(2972, 2401)
(2971, 2400)
(2970, 2400)
(2969, 2400)
(2968, 2399)
(2967, 2398)
(2966, 2397)
(2965, 2396)
(2964, 2395)
(2963, 2394)
(2962, 2393)
(2961, 2392)
(2960, 2391)
(2959, 2390)
(2958, 2389)
(2957, 2389)
(2956, 2388)
(2955, 2387)
(2954, 2386)
(2953, 2385)
(2952, 2384)
(2951, 2383)
(2950, 2383)
(2949, 2382)
(2948, 2381)
(2947, 2380)
(2946, 2379)
(2945, 2378)
(2944, 2377)
(2943, 2376)
(2942, 2376)
(2941, 2376)
(2940, 2375)
(2939, 2374)
(2938, 2373)
(2937, 2372)
(2936, 2371)
(2935, 2370)
(2934, 2369)
(2933, 2368)
(2932, 2367)
(2931, 2366)
(2930, 2365)
(2929, 2364)
(2928, 2363)
(2927, 2362)
(2926, 2361)
(2925, 2360)
(2924, 2359)
(2923, 2358)
(2922, 2357)
(2921, 2358)
(2920, 2358)
(2919, 2357)
(2918, 2356)
(2917, 2355)
(2916, 2354)
(2915, 2353)
(2914, 2352)
(2913, 2351)
(2912, 2351)
(2911, 2351)
(2910, 2350)
(2909, 2349)
(2908, 2348)
(2907, 2348)
(2906, 2347)
(2905, 2346)
(2904, 2345)
(2903, 2344)
(2902, 2343)
(2901, 2342)
(2900, 2341)
(2899, 2340)
(2898, 2339)
(2897, 2338)
(2896, 2337)
(2895, 2336)
(2894, 2335)
(2893, 2334)
(2892, 2333)
(2891, 2332)
(2890, 2331)
(2889, 2330)
(2888, 2329)
(2887, 2329)
(2886, 2329)
(2885, 2328)
(2884, 2327)
(2883, 2326)
(2882, 2325)
(2881, 2324)
(2880, 2323)
(2879, 2322)
(2878, 2321)
(2877, 2320)
(2876, 2319)
(2875, 2318)
(2874, 2317)
(2873, 2316)
(2872, 2315)
(2871, 2314)
(2870, 2313)
(2869, 2312)
(2868, 2311)
(2867, 2310)
(2866, 2309)
(2865, 2308)
(2864, 2307)
(2863, 2306)
(2862, 2305)
(2861, 2304)
(2860, 2303)
(2859, 2302)
(2858, 2301)
(2857, 2300)
(2856, 2299)
(2855, 2298)
(2854, 2297)
(2853, 2296)
(2852, 2295)
(2851, 2294)
(2850, 2293)
(2849, 2292)
(2848, 2291)
(2847, 2290)
(2846, 2289)
(2845, 2288)
(2844, 2287)
(2843, 2286)
(2842, 2285)
(2841, 2284)
(2840, 2283)
(2839, 2282)
(2838, 2281)
(2837, 2280)
(2836, 2279)
(2835, 2278)
(2834, 2277)
(2833, 2276)
(2832, 2275)
(2831, 2274)
(2830, 2273)
(2829, 2272)
(2828, 2271)
(2827, 2270)
(2826, 2269)
(2825, 2268)
(2824, 2267)
(2823, 2266)
(2822, 2265)
(2821, 2264)
(2820, 2263)
(2819, 2262)
(2818, 2261)
(2817, 2260)
(2816, 2259)
(2815, 2258)
(2814, 2257)
(2813, 2256)
(2812, 2255)
(2811, 2254)
(2810, 2253)
(2809, 2252)
(2808, 2251)
(2807, 2250)
(2806, 2249)
(2805, 2248)
(2804, 2247)
(2803, 2246)
(2802, 2245)
(2801, 2244)
(2800, 2243)
(2799, 2242)
(2798, 2241)
(2797, 2240)
(2796, 2239)
(2795, 2238)
(2794, 2237)
(2793, 2236)
(2792, 2235)
(2791, 2234)
(2790, 2233)
(2789, 2232)
(2788, 2231)
(2787, 2230)
(2786, 2230)
(2785, 2229)
(2784, 2228)
(2783, 2227)
(2782, 2226)
(2781, 2225)
(2780, 2224)
(2779, 2223)
(2778, 2222)
(2777, 2221)
(2776, 2220)
(2775, 2219)
(2774, 2218)
(2773, 2217)
(2772, 2216)
(2771, 2215)
(2770, 2214)
(2769, 2213)
(2768, 2212)
(2767, 2211)
(2766, 2210)
(2765, 2209)
(2764, 2208)
(2763, 2207)
(2762, 2206)
(2761, 2205)
(2760, 2204)
(2759, 2203)
(2758, 2202)
(2757, 2201)
(2756, 2200)
(2755, 2199)
(2754, 2198)
(2753, 2197)
(2752, 2196)
(2751, 2195)
(2750, 2194)
(2749, 2193)
(2748, 2192)
(2747, 2191)
(2746, 2190)
(2745, 2189)
(2744, 2188)
(2743, 2187)
(2742, 2186)
(2741, 2186)
(2740, 2185)
(2739, 2184)
(2738, 2183)
(2737, 2182)
(2736, 2181)
(2735, 2180)
(2734, 2179)
(2733, 2178)
(2732, 2177)
(2731, 2176)
(2730, 2175)
(2729, 2174)
(2728, 2173)
(2727, 2172)
(2726, 2171)
(2725, 2170)
(2724, 2169)
(2723, 2168)
(2722, 2167)
(2721, 2166)
(2720, 2165)
(2719, 2164)
(2718, 2163)
(2717, 2162)
(2716, 2161)
(2715, 2160)
(2714, 2159)
(2713, 2158)
(2712, 2157)
(2711, 2156)
(2710, 2155)
(2709, 2154)
(2708, 2153)
(2707, 2152)
(2706, 2151)
(2705, 2150)
(2704, 2149)
(2703, 2148)
(2702, 2147)
(2701, 2146)
(2700, 2145)
(2699, 2144)
(2698, 2143)
(2697, 2142)
(2696, 2141)
(2695, 2140)
(2694, 2139)
(2693, 2138)
(2692, 2137)
(2691, 2136)
(2690, 2135)
(2689, 2134)
(2688, 2133)
(2687, 2132)
(2686, 2131)
(2685, 2130)
(2684, 2129)
(2683, 2128)
(2682, 2127)
(2681, 2126)
(2680, 2125)
(2679, 2124)
(2678, 2123)
(2677, 2122)
(2676, 2121)
(2675, 2120)
(2674, 2119)
(2673, 2118)
(2672, 2119)
(2671, 2118)
(2670, 2117)
(2669, 2116)
(2668, 2116)
(2667, 2115)
(2666, 2114)
(2665, 2113)
(2664, 2112)
(2663, 2111)
(2662, 2110)
(2661, 2109)
(2660, 2108)
(2659, 2107)
(2658, 2106)
(2657, 2106)
(2656, 2105)
(2655, 2104)
(2654, 2103)
(2653, 2102)
(2652, 2101)
(2651, 2100)
(2650, 2099)
(2649, 2098)
(2648, 2097)
(2647, 2096)
(2646, 2095)
(2645, 2094)
(2644, 2093)
(2643, 2092)
(2642, 2091)
(2641, 2090)
(2640, 2089)
(2639, 2088)
(2638, 2087)
(2637, 2086)
(2636, 2085)
(2635, 2084)
(2634, 2083)
(2633, 2082)
(2632, 2081)
(2631, 2080)
(2630, 2079)
(2629, 2078)
(2628, 2077)
(2627, 2076)
(2626, 2075)
(2625, 2074)
(2624, 2073)
(2623, 2072)
(2622, 2071)
(2621, 2070)
(2620, 2069)
(2619, 2068)
(2618, 2067)
(2617, 2066)
(2616, 2065)
(2615, 2064)
(2614, 2063)
(2613, 2062)
(2612, 2061)
(2611, 2060)
(2610, 2059)
(2609, 2058)
(2608, 2057)
(2607, 2056)
(2606, 2055)
(2605, 2054)
(2604, 2053)
(2603, 2052)
(2602, 2051)
(2601, 2050)
(2600, 2049)
(2599, 2048)
(2598, 2047)
(2597, 2046)
(2596, 2045)
(2595, 2044)
(2594, 2043)
(2593, 2042)
(2592, 2041)
(2591, 2040)
(2590, 2039)
(2589, 2039)
(2588, 2038)
(2587, 2037)
(2586, 2036)
(2585, 2035)
(2584, 2035)
(2583, 2035)
(2582, 2034)
(2581, 2033)
(2580, 2032)
(2579, 2031)
(2578, 2030)
(2577, 2029)
(2576, 2028)
(2575, 2027)
(2574, 2026)
(2573, 2025)
(2572, 2024)
(2571, 2023)
(2570, 2022)
(2569, 2021)
(2568, 2020)
(2567, 2019)
(2566, 2018)
(2565, 2017)
(2564, 2017)
(2563, 2016)
(2562, 2015)
(2561, 2014)
(2560, 2015)
(2559, 2014)
(2558, 2013)
(2557, 2012)
(2556, 2011)
(2555, 2010)
(2554, 2009)
(2553, 2008)
(2552, 2007)
(2551, 2006)
(2550, 2005)
(2549, 2004)
(2548, 2003)
(2547, 2002)
(2546, 2001)
(2545, 2000)
(2544, 1999)
(2543, 1998)
(2542, 1997)
(2541, 1996)
(2540, 1995)
(2539, 1995)
(2538, 1994)
(2537, 1993)
(2536, 1992)
(2535, 1991)
(2534, 1990)
(2533, 1989)
(2532, 1988)
(2531, 1987)
(2530, 1987)
(2529, 1986)
(2528, 1985)
(2527, 1984)
(2526, 1984)
(2525, 1983)
(2524, 1982)
(2523, 1981)
(2522, 1980)
(2521, 1979)
(2520, 1978)
(2519, 1977)
(2518, 1976)
(2517, 1975)
(2516, 1974)
(2515, 1973)
(2514, 1972)
(2513, 1971)
(2512, 1970)
(2511, 1969)
(2510, 1968)
(2509, 1967)
(2508, 1966)
(2507, 1965)
(2506, 1965)
(2505, 1964)
(2504, 1963)
(2503, 1962)
(2502, 1961)
(2501, 1960)
(2500, 1959)
(2499, 1958)
(2498, 1957)
(2497, 1956)
(2496, 1956)
(2495, 1955)
(2494, 1954)
(2493, 1953)
(2492, 1952)
(2491, 1951)
(2490, 1950)
(2489, 1949)
(2488, 1948)
(2487, 1948)
(2486, 1947)
(2485, 1946)
(2484, 1945)
(2483, 1944)
(2482, 1943)
(2481, 1942)
(2480, 1941)
(2479, 1940)
(2478, 1939)
(2477, 1938)
(2476, 1937)
(2475, 1936)
(2474, 1935)
(2473, 1934)
(2472, 1933)
(2471, 1932)
(2470, 1931)
(2469, 1930)
(2468, 1929)
(2467, 1928)
(2466, 1927)
(2465, 1926)
(2464, 1925)
(2463, 1924)
(2462, 1923)
(2461, 1922)
(2460, 1921)
(2459, 1920)
(2458, 1919)
(2457, 1918)
(2456, 1917)
(2455, 1916)
(2454, 1915)
(2453, 1914)
(2452, 1913)
(2451, 1913)
(2450, 1912)
(2449, 1911)
(2448, 1910)
(2447, 1909)
(2446, 1908)
(2445, 1907)
(2444, 1906)
(2443, 1905)
(2442, 1904)
(2441, 1903)
(2440, 1902)
(2439, 1901)
(2438, 1900)
(2437, 1899)
(2436, 1898)
(2435, 1897)
(2434, 1896)
(2433, 1895)
(2432, 1894)
(2431, 1893)
(2430, 1892)
(2429, 1891)
(2428, 1890)
(2427, 1889)
(2426, 1888)
(2425, 1887)
(2424, 1886)
(2423, 1885)
(2422, 1884)
(2421, 1883)
(2420, 1882)
(2419, 1881)
(2418, 1880)
(2417, 1879)
(2416, 1878)
(2415, 1877)
(2414, 1876)
(2413, 1875)
(2412, 1874)
(2411, 1874)
(2410, 1875)
(2409, 1874)
(2408, 1873)
(2407, 1872)
(2406, 1871)
(2405, 1870)
(2404, 1869)
(2403, 1868)
(2402, 1867)
(2401, 1866)
(2400, 1865)
(2399, 1864)
(2398, 1863)
(2397, 1862)
(2396, 1861)
(2395, 1860)
(2394, 1859)
(2393, 1858)
(2392, 1857)
(2391, 1856)
(2390, 1855)
(2389, 1854)
(2388, 1853)
(2387, 1852)
(2386, 1852)
(2385, 1851)
(2384, 1850)
(2383, 1849)
(2382, 1849)
(2381, 1848)
(2380, 1847)
(2379, 1846)
(2378, 1845)
(2377, 1844)
(2376, 1843)
(2375, 1842)
(2374, 1841)
(2373, 1840)
(2372, 1839)
(2371, 1838)
(2370, 1837)
(2369, 1836)
(2368, 1835)
(2367, 1834)
(2366, 1833)
(2365, 1832)
(2364, 1831)
(2363, 1830)
(2362, 1829)
(2361, 1828)
(2360, 1827)
(2359, 1826)
(2358, 1825)
(2357, 1824)
(2356, 1823)
(2355, 1823)
(2354, 1823)
(2353, 1822)
(2352, 1821)
(2351, 1820)
(2350, 1819)
(2349, 1818)
(2348, 1817)
(2347, 1816)
(2346, 1815)
(2345, 1814)
(2344, 1813)
(2343, 1812)
(2342, 1811)
(2341, 1811)
(2340, 1810)
(2339, 1809)
(2338, 1809)
(2337, 1808)
(2336, 1807)
(2335, 1806)
(2334, 1805)
(2333, 1805)
(2332, 1804)
(2331, 1803)
(2330, 1802)
(2329, 1801)
(2328, 1802)
(2327, 1801)
(2326, 1800)
(2325, 1799)
(2324, 1799)
(2323, 1798)
(2322, 1797)
(2321, 1796)
(2320, 1795)
(2319, 1794)
(2318, 1794)
(2317, 1793)
(2316, 1792)
(2315, 1791)
(2314, 1790)
(2313, 1789)
(2312, 1788)
(2311, 1787)
(2310, 1787)
(2309, 1786)
(2308, 1785)
(2307, 1784)
(2306, 1783)
(2305, 1782)
(2304, 1781)
(2303, 1781)
(2302, 1781)
(2301, 1780)
(2300, 1779)
(2299, 1778)
(2298, 1778)
(2297, 1777)
(2296, 1777)
(2295, 1776)
(2294, 1775)
(2293, 1774)
(2292, 1773)
(2291, 1772)
(2290, 1771)
(2289, 1770)
(2288, 1770)
(2287, 1769)
(2286, 1768)
(2285, 1767)
(2284, 1766)
(2283, 1765)
(2282, 1764)
(2281, 1763)
(2280, 1762)
(2279, 1761)
(2278, 1760)
(2277, 1759)
(2276, 1758)
(2275, 1757)
(2274, 1756)
(2273, 1756)
(2272, 1755)
(2271, 1754)
(2270, 1753)
(2269, 1753)
(2268, 1752)
(2267, 1751)
(2266, 1750)
(2265, 1749)
(2264, 1748)
(2263, 1747)
(2262, 1746)
(2261, 1745)
(2260, 1744)
(2259, 1743)
(2258, 1742)
(2257, 1741)
(2256, 1740)
(2255, 1739)
(2254, 1738)
(2253, 1737)
(2252, 1736)
(2251, 1735)
(2250, 1734)
(2249, 1733)
(2248, 1732)
(2247, 1731)
(2246, 1730)
(2245, 1729)
(2244, 1729)
(2243, 1728)
(2242, 1727)
(2241, 1726)
(2240, 1725)
(2239, 1724)
(2238, 1723)
(2237, 1722)
(2236, 1721)
(2235, 1720)
(2234, 1719)
(2233, 1718)
(2232, 1717)
(2231, 1716)
(2230, 1715)
(2229, 1714)
(2228, 1713)
(2227, 1713)
(2226, 1713)
(2225, 1713)
(2224, 1712)
(2223, 1711)
(2222, 1710)
(2221, 1709)
(2220, 1708)
(2219, 1707)
(2218, 1706)
(2217, 1705)
(2216, 1704)
(2215, 1704)
(2214, 1703)
(2213, 1702)
(2212, 1701)
(2211, 1700)
(2210, 1699)
(2209, 1699)
(2208, 1698)
(2207, 1697)
(2206, 1697)
(2205, 1697)
(2204, 1696)
(2203, 1695)
(2202, 1694)
(2201, 1693)
(2200, 1692)
(2199, 1691)
(2198, 1690)
(2197, 1689)
(2196, 1688)
(2195, 1687)
(2194, 1686)
(2193, 1685)
(2192, 1684)
(2191, 1683)
(2190, 1682)
(2189, 1681)
(2188, 1680)
(2187, 1679)
(2186, 1678)
(2185, 1677)
(2184, 1676)
(2183, 1675)
(2182, 1674)
(2181, 1673)
(2180, 1672)
(2179, 1671)
(2178, 1670)
(2177, 1669)
(2176, 1669)
(2175, 1669)
(2174, 1669)
(2173, 1668)
(2172, 1667)
(2171, 1666)
(2170, 1665)
(2169, 1664)
(2168, 1663)
(2167, 1662)
(2166, 1661)
(2165, 1660)
(2164, 1659)
(2163, 1658)
(2162, 1657)
(2161, 1656)
(2160, 1655)
(2159, 1654)
(2158, 1654)
(2157, 1653)
(2156, 1652)
(2155, 1651)
(2154, 1650)
(2153, 1649)
(2152, 1648)
(2151, 1647)
(2150, 1646)
(2149, 1645)
(2148, 1644)
(2147, 1643)
(2146, 1642)
(2145, 1641)
(2144, 1640)
(2143, 1639)
(2142, 1639)
(2141, 1638)
(2140, 1637)
(2139, 1636)
(2138, 1635)
(2137, 1634)
(2136, 1633)
(2135, 1632)
(2134, 1631)
(2133, 1630)
(2132, 1629)
(2131, 1628)
(2130, 1627)
(2129, 1626)
(2128, 1625)
(2127, 1625)
(2126, 1624)
(2125, 1623)
(2124, 1622)
(2123, 1621)
(2122, 1620)
(2121, 1619)
(2120, 1618)
(2119, 1617)
(2118, 1616)
(2117, 1615)
(2116, 1614)
(2115, 1613)
(2114, 1612)
(2113, 1612)
(2112, 1611)
(2111, 1610)
(2110, 1609)
(2109, 1608)
(2108, 1607)
(2107, 1606)
(2106, 1605)
(2105, 1604)
(2104, 1603)
(2103, 1603)
(2102, 1602)
(2101, 1601)
(2100, 1600)
(2099, 1599)
(2098, 1600)
(2097, 1599)
(2096, 1598)
(2095, 1597)
(2094, 1596)
(2093, 1595)
(2092, 1594)
(2091, 1593)
(2090, 1592)
(2089, 1592)
(2088, 1591)
(2087, 1591)
(2086, 1590)
(2085, 1589)
(2084, 1588)
(2083, 1587)
(2082, 1586)
(2081, 1586)
(2080, 1586)
(2079, 1586)
(2078, 1585)
(2077, 1584)
(2076, 1583)
(2075, 1582)
(2074, 1581)
(2073, 1580)
(2072, 1579)
(2071, 1579)
(2070, 1578)
(2069, 1578)
(2068, 1577)
(2067, 1576)
(2066, 1575)
(2065, 1574)
(2064, 1573)
(2063, 1572)
(2062, 1571)
(2061, 1570)
(2060, 1569)
(2059, 1568)
(2058, 1567)
(2057, 1568)
(2056, 1567)
(2055, 1566)
(2054, 1565)
(2053, 1564)
(2052, 1563)
(2051, 1562)
(2050, 1563)
(2049, 1562)
(2048, 1563)
(2047, 1562)
(2046, 1562)
(2045, 1563)
(2044, 1563)
(2043, 1564)
(2042, 1565)
(2041, 1564)
(2040, 1563)
(2039, 1562)
(2038, 1561)
(2037, 1560)
(2036, 1560)
(2035, 1559)
(2034, 1559)
(2033, 1559)
(2032, 1559)
(2031, 1559)
(2030, 1558)
(2029, 1557)
(2028, 1556)
(2027, 1555)
(2026, 1555)
(2025, 1555)
(2024, 1554)
(2023, 1553)
(2022, 1552)
(2021, 1552)
(2020, 1551)
(2019, 1550)
(2018, 1549)
(2017, 1548)
(2016, 1548)
(2015, 1547)
(2014, 1546)
(2013, 1545)
(2012, 1544)
(2011, 1543)
(2010, 1542)
(2009, 1542)
(2008, 1542)
(2007, 1541)
(2006, 1540)
(2005, 1539)
(2004, 1539)
(2003, 1538)
(2002, 1537)
(2001, 1536)
(2000, 1535)
(1999, 1534)
(1998, 1533)
(1997, 1533)
(1996, 1532)
(1995, 1531)
(1994, 1530)
(1993, 1529)
(1992, 1528)
(1991, 1527)
(1990, 1526)
(1989, 1525)
(1988, 1524)
(1987, 1523)
(1986, 1522)
(1985, 1521)
(1984, 1520)
(1983, 1519)
(1982, 1518)
(1981, 1517)
(1980, 1517)
(1979, 1516)
(1978, 1515)
(1977, 1514)
(1976, 1513)
(1975, 1512)
(1974, 1512)
(1973, 1511)
(1972, 1510)
(1971, 1509)
(1970, 1509)
(1969, 1508)
(1968, 1508)
(1967, 1507)
(1966, 1506)
(1965, 1505)
(1964, 1504)
(1963, 1503)
(1962, 1502)
(1961, 1501)
(1960, 1501)
(1959, 1500)
(1958, 1499)
(1957, 1498)
(1956, 1497)
(1955, 1496)
(1954, 1495)
(1953, 1494)
(1952, 1493)
(1951, 1492)
(1950, 1491)
(1949, 1490)
(1948, 1490)
(1947, 1489)
(1946, 1488)
(1945, 1487)
(1944, 1486)
(1943, 1485)
(1942, 1484)
(1941, 1484)
(1940, 1484)
(1939, 1483)
(1938, 1483)
(1937, 1482)
(1936, 1481)
(1935, 1480)
(1934, 1479)
(1933, 1478)
(1932, 1477)
(1931, 1476)
(1930, 1475)
(1929, 1474)
(1928, 1473)
(1927, 1472)
(1926, 1471)
(1925, 1470)
(1924, 1469)
(1923, 1468)
(1922, 1467)
(1921, 1466)
(1920, 1465)
(1919, 1464)
(1918, 1463)
(1917, 1462)
(1916, 1461)
(1915, 1460)
(1914, 1461)
(1913, 1462)
(1912, 1462)
(1911, 1461)
(1910, 1461)
(1909, 1460)
(1908, 1459)
(1907, 1458)
(1906, 1457)
(1905, 1456)
(1904, 1455)
(1903, 1454)
(1902, 1453)
(1901, 1452)
(1900, 1451)
(1899, 1452)
(1898, 1451)
(1897, 1450)
(1896, 1449)
(1895, 1448)
(1894, 1447)
(1893, 1447)
(1892, 1446)
(1891, 1445)
(1890, 1444)
(1889, 1443)
(1888, 1442)
(1887, 1441)
(1886, 1440)
(1885, 1439)
(1884, 1438)
(1883, 1439)
(1882, 1438)
(1881, 1437)
(1880, 1438)
(1879, 1437)
(1878, 1436)
(1877, 1435)
(1876, 1434)
(1875, 1433)
(1874, 1432)
(1873, 1431)
(1872, 1430)
(1871, 1429)
(1870, 1428)
(1869, 1427)
(1868, 1426)
(1867, 1425)
(1866, 1426)
(1865, 1425)
(1864, 1424)
(1863, 1423)
(1862, 1422)
(1861, 1421)
(1860, 1420)
(1859, 1419)
(1858, 1418)
(1857, 1417)
(1856, 1416)
(1855, 1415)
(1854, 1414)
(1853, 1413)
(1852, 1412)
(1851, 1411)
(1850, 1410)
(1849, 1409)
(1848, 1408)
(1847, 1407)
(1846, 1408)
(1845, 1408)
(1844, 1408)
(1843, 1407)
(1842, 1406)
(1841, 1405)
(1840, 1405)
(1839, 1404)
(1838, 1403)
(1837, 1402)
(1836, 1401)
(1835, 1401)
(1834, 1400)
(1833, 1399)
(1832, 1398)
(1831, 1397)
(1830, 1396)
(1829, 1396)
(1828, 1396)
(1827, 1396)
(1826, 1396)
(1825, 1397)
(1824, 1398)
(1823, 1399)
(1824, 1399)
(1824, 1400)
(1823, 1400)
(1822, 1400)
(1821, 1400)
(1820, 1399)
(1819, 1398)
(1818, 1397)
(1817, 1397)
(1816, 1397)
(1815, 1397)
(1814, 1397)
(1813, 1397)
(1812, 1396)
(1811, 1397)
(1810, 1397)
(1809, 1398)
(1808, 1399)
(1808, 1400)
(1807, 1400)
(1806, 1400)
(1805, 1400)
(1804, 1400)
(1803, 1400)
(1802, 1400)
(1801, 1400)
(1800, 1400)
(1799, 1400)
(1798, 1399)
(1797, 1398)
(1796, 1397)
(1795, 1396)
(1794, 1397)
(1793, 1397)
(1792, 1398)
(1791, 1398)
(1790, 1398)
(1789, 1398)
(1788, 1398)
(1787, 1398)
(1786, 1399)
(1785, 1399)
(1784, 1399)
(1783, 1398)
(1782, 1399)
(1781, 1400)
(1780, 1401)
(1779, 1402)
(1779, 1403)
(1778, 1403)
(1777, 1404)
(1776, 1404)
(1775, 1404)
(1774, 1404)
(1773, 1404)
(1772, 1404)
(1771, 1404)
(1771, 1405)
(1770, 1405)
(1769, 1405)
(1768, 1405)
(1767, 1405)
(1766, 1406)
(1765, 1406)
(1764, 1406)
(1763, 1407)
(1762, 1408)
(1761, 1409)
(1760, 1410)
(1759, 1411)
(1758, 1412)
(1758, 1413)
(1759, 1412)
(1759, 1413)
(1759, 1414)
(1758, 1415)
(1757, 1416)
(1756, 1416)
(1755, 1416)
(1754, 1417)
(1753, 1417)
(1752, 1418)
(1751, 1419)
(1751, 1420)
(1752, 1420)
(1752, 1421)
(1753, 1421)
(1753, 1422)
(1753, 1423)
(1753, 1424)
(1753, 1425)
(1754, 1424)
(1754, 1425)
(1755, 1424)
(1755, 1425)
(1755, 1426)
(1756, 1425)
(1756, 1426)
(1756, 1427)
(1757, 1426)
(1757, 1427)
(1757, 1428)
(1758, 1427)
(1758, 1428)
(1759, 1428)
(1759, 1429)
(1760, 1428)
(1760, 1429)
(1760, 1430)
(1761, 1430)
(1761, 1429)
(1762, 1430)
(1763, 1430)
(1763, 1431)
(1763, 1432)
(1764, 1431)
(1764, 1432)
(1765, 1432)
(1765, 1433)
(1766, 1433)
(1766, 1434)
(1767, 1434)
(1767, 1435)
(1768, 1435)
(1768, 1436)
(1768, 1437)
(1767, 1438)
(1767, 1439)
(1767, 1440)
(1768, 1439)
(1768, 1440)
(1768, 1441)
(1768, 1442)
(1769, 1443)
(1769, 1442)
(1769, 1441)
(1770, 1441)
(1770, 1442)
