(8343, 5484)
(8342, 5483)
(8341, 5482)
(8340, 5481)
(8339, 5480)
(8338, 5479)
(8337, 5478)
(8336, 5477)
(8335, 5477)
(8334, 5477)
(8333, 5476)
(8332, 5475)
(8331, 5474)
(8330, 5473)
(8329, 5472)
(8328, 5471)
(8328, 5470)
(8327, 5469)
(8326, 5468)
(8327, 5468)
(8327, 5467)
(8326, 5466)
(8325, 5465)
(8324, 5464)
(8323, 5463)
(8322, 5462)
(8321, 5461)
(8320, 5460)
(8319, 5459)
(8320, 5458)
(8319, 5457)
(8318, 5456)
(8317, 5455)
(8316, 5454)
(8315, 5454)
(8314, 5453)
(8313, 5452)
(8312, 5451)
(8311, 5450)
(8310, 5449)
(8309, 5448)
(8308, 5447)
(8307, 5446)
(8306, 5445)
(8305, 5444)
(8304, 5443)
(8303, 5442)
(8302, 5441)
(8301, 5440)
(8300, 5439)
(8299, 5438)
(8298, 5437)
(8297, 5437)
(8296, 5437)
(8295, 5436)
(8294, 5435)
(8293, 5434)
(8292, 5433)
(8291, 5432)
(8290, 5431)
(8289, 5430)
(8288, 5429)
(8287, 5428)
(8286, 5427)
(8285, 5428)
(8284, 5427)
(8283, 5426)
(8282, 5425)
(8281, 5424)
(8280, 5423)
(8279, 5422)
(8278, 5421)
(8277, 5420)
(8277, 5419)
(8278, 5419)
(8277, 5418)
(8276, 5417)
(8276, 5416)
(8276, 5415)
(8276, 5414)
(8276, 5413)
(8276, 5412)
(8277, 5411)
(8277, 5412)
(8278, 5411)
(8279, 5410)
(8279, 5409)
(8280, 5408)
(8281, 5407)
(8281, 5406)
(8280, 5405)
(8280, 5404)
(8280, 5403)
(8280, 5402)
(8281, 5401)
(8281, 5400)
(8282, 5400)
(8281, 5399)
(8280, 5399)
(8279, 5399)
(8278, 5398)
(8278, 5397)
(8277, 5397)
(8276, 5396)
(8275, 5395)
(8275, 5394)
(8274, 5393)
(8273, 5393)
(8272, 5393)
(8271, 5392)
(8270, 5391)
(8269, 5390)
(8268, 5389)
(8267, 5388)
(8266, 5387)
(8265, 5386)
(8264, 5385)
(8263, 5384)
(8263, 5383)
(8263, 5382)
(8262, 5381)
(8261, 5380)
(8260, 5379)
(8259, 5378)
(8258, 5377)
(8257, 5376)
(8256, 5375)
(8255, 5374)
(8254, 5373)
(8253, 5372)
(8252, 5371)
(8252, 5370)
(8251, 5369)
(8251, 5368)
(8250, 5367)
(8250, 5366)
(8249, 5365)
(8249, 5364)
(8250, 5363)
(8251, 5362)
(8251, 5361)
(8251, 5360)
(8250, 5359)
(8249, 5359)
(8250, 5358)
(8250, 5357)
(8250, 5356)
(8249, 5355)
(8248, 5354)
(8247, 5353)
(8246, 5352)
(8245, 5351)
(8244, 5350)
(8243, 5349)
(8242, 5348)
(8241, 5347)
(8240, 5346)
(8239, 5345)
(8238, 5344)
(8237, 5343)
(8236, 5342)
(8237, 5341)
(8236, 5340)
(8235, 5339)
(8235, 5338)
(8235, 5337)
(8236, 5337)
(8235, 5336)
(8235, 5335)
(8236, 5334)
(8236, 5333)
(8236, 5332)
(8235, 5331)
(8235, 5330)
(8235, 5329)
(8235, 5328)
(8235, 5327)
(8235, 5326)
(8235, 5325)
(8234, 5324)
(8233, 5323)
(8232, 5322)
(8231, 5321)
(8230, 5320)
(8230, 5319)
(8231, 5318)
(8232, 5317)
(8233, 5316)
(8233, 5315)
(8233, 5314)
(8232, 5313)
(8231, 5312)
(8230, 5311)
(8229, 5310)
(8228, 5309)
(8227, 5308)
(8226, 5307)
(8226, 5306)
(8226, 5305)
(8225, 5304)
(8224, 5303)
(8223, 5302)
(8223, 5301)
(8223, 5300)
(8222, 5299)
(8221, 5298)
(8220, 5297)
(8219, 5296)
(8218, 5295)
(8217, 5294)
(8216, 5293)
(8215, 5292)
(8214, 5291)
(8213, 5290)
(8212, 5289)
(8211, 5288)
(8210, 5287)
(8209, 5286)
(8208, 5285)
(8207, 5284)
(8206, 5283)
(8205, 5282)
(8204, 5282)
(8203, 5282)
(8204, 5281)
(8204, 5280)
(8205, 5279)
(8205, 5280)
(8206, 5279)
(8206, 5278)
(8207, 5277)
(8206, 5276)
(8206, 5275)
(8205, 5274)
(8204, 5273)
(8203, 5272)
(8202, 5272)
(8201, 5271)
(8200, 5270)
(8199, 5269)
(8198, 5268)
(8197, 5267)
(8196, 5266)
(8195, 5265)
(8194, 5264)
(8193, 5263)
(8193, 5262)
(8193, 5261)
(8194, 5260)
(8194, 5259)
(8195, 5259)
(8195, 5260)
(8196, 5259)
(8197, 5259)
(8197, 5258)
(8197, 5257)
(8197, 5256)
(8197, 5255)
(8198, 5254)
(8198, 5253)
(8198, 5252)
(8198, 5251)
(8198, 5250)
(8197, 5249)
(8196, 5249)
(8195, 5249)
(8194, 5248)
(8194, 5247)
(8193, 5246)
(8193, 5245)
(8192, 5244)
(8192, 5243)
(8193, 5242)
(8192, 5241)
(8191, 5240)
(8190, 5239)
(8189, 5238)
(8188, 5237)
(8187, 5236)
(8187, 5235)
(8187, 5234)
(8187, 5233)
(8186, 5232)
(8185, 5231)
(8184, 5230)
(8183, 5229)
(8182, 5228)
(8181, 5227)
(8180, 5226)
(8179, 5225)
(8178, 5225)
(8177, 5224)
(8176, 5223)
(8175, 5223)
(8175, 5222)
(8174, 5221)
(8173, 5220)
(8173, 5219)
(8173, 5218)
(8173, 5217)
(8172, 5216)
(8172, 5215)
(8172, 5214)
(8171, 5213)
(8170, 5212)
(8170, 5211)
(8170, 5210)
(8169, 5209)
(8168, 5208)
(8167, 5208)
(8166, 5207)
(8165, 5207)
(8164, 5206)
(8163, 5205)
(8162, 5204)
(8161, 5203)
(8160, 5204)
(8159, 5203)
(8158, 5202)
(8157, 5201)
(8156, 5200)
(8155, 5199)
(8154, 5198)
(8153, 5198)
(8152, 5197)
(8151, 5197)
(8150, 5196)
(8149, 5197)
(8149, 5196)
(8148, 5195)
(8147, 5194)
(8146, 5193)
(8145, 5193)
(8144, 5192)
(8143, 5191)
(8142, 5190)
(8141, 5189)
(8140, 5188)
(8139, 5187)
(8138, 5187)
(8137, 5186)
(8136, 5185)
(8135, 5184)
(8134, 5183)
(8133, 5182)
(8132, 5181)
(8131, 5181)
(8130, 5180)
(8129, 5180)
(8128, 5181)
(8127, 5181)
(8126, 5181)
(8125, 5180)
(8124, 5179)
(8123, 5178)
(8122, 5177)
(8121, 5177)
(8120, 5176)
(8119, 5175)
(8118, 5174)
(8117, 5175)
(8116, 5174)
(8115, 5173)
(8114, 5172)
(8113, 5171)
(8112, 5170)
(8111, 5169)
(8110, 5168)
(8109, 5167)
(8108, 5167)
(8107, 5166)
(8106, 5165)
(8105, 5164)
(8104, 5163)
(8103, 5162)
(8102, 5161)
(8101, 5160)
(8100, 5159)
(8099, 5158)
(8098, 5157)
(8097, 5156)
(8096, 5155)
(8095, 5155)
(8094, 5154)
(8093, 5153)
(8092, 5152)
(8091, 5151)
(8090, 5151)
(8089, 5151)
(8088, 5151)
(8087, 5151)
(8086, 5151)
(8085, 5150)
(8084, 5149)
(8083, 5149)
(8082, 5149)
(8081, 5149)
(8080, 5148)
(8079, 5147)
(8078, 5147)
(8077, 5147)
(8076, 5147)
(8075, 5147)
(8074, 5148)
(8073, 5149)
(8072, 5149)
(8071, 5149)
(8070, 5149)
(8069, 5148)
(8068, 5147)
(8067, 5146)
(8066, 5145)
(8065, 5145)
(8064, 5144)
(8063, 5143)
(8062, 5142)
(8061, 5141)
(8060, 5141)
(8059, 5140)
(8058, 5139)
(8057, 5138)
(8056, 5138)
(8055, 5138)
(8054, 5139)
(8053, 5140)
(8052, 5141)
(8051, 5141)
(8050, 5142)
(8049, 5143)
(8048, 5143)
(8047, 5144)
(8047, 5145)
(8046, 5146)
(8045, 5146)
(8044, 5146)
(8043, 5146)
(8043, 5147)
(8042, 5148)
(8041, 5148)
(8041, 5149)
(8040, 5150)
(8041, 5151)
(8040, 5151)
(8039, 5151)
(8038, 5151)
(8037, 5152)
(8036, 5152)
(8035, 5153)
(8034, 5152)
(8033, 5151)
(8032, 5150)
(8031, 5149)
(8030, 5148)
(8029, 5147)
(8028, 5146)
(8027, 5146)
(8026, 5145)
(8025, 5144)
(8024, 5143)
(8023, 5142)
(8022, 5141)
(8021, 5140)
(8020, 5139)
(8019, 5138)
(8018, 5137)
(8017, 5136)
(8016, 5135)
(8015, 5134)
(8014, 5133)
(8013, 5132)
(8012, 5131)
(8011, 5130)
(8010, 5129)
(8009, 5128)
(8008, 5127)
(8007, 5126)
(8006, 5125)
(8005, 5124)
(8004, 5123)
(8003, 5122)
(8002, 5121)
(8001, 5120)
(8000, 5119)
(7999, 5118)
(7998, 5117)
(7997, 5116)
(7996, 5115)
(7995, 5114)
(7994, 5113)
(7994, 5112)
(7993, 5111)
(7992, 5110)
(7991, 5109)
(7990, 5108)
(7989, 5107)
(7988, 5106)
(7987, 5106)
(7988, 5105)
(7987, 5104)
(7987, 5103)
(7986, 5102)
(7985, 5102)
(7984, 5101)
(7983, 5100)
(7982, 5099)
(7981, 5098)
(7980, 5097)
(7979, 5096)
(7978, 5095)
(7977, 5094)
(7976, 5093)
(7975, 5092)
(7974, 5091)
(7973, 5091)
(7972, 5091)
(7971, 5090)
(7970, 5089)
(7969, 5088)
(7968, 5087)
(7967, 5088)
(7966, 5088)
(7965, 5089)
(7964, 5090)
(7963, 5091)
(7962, 5090)
(7961, 5089)
(7960, 5088)
(7959, 5087)
(7958, 5086)
(7957, 5085)
(7956, 5084)
(7955, 5084)
(7954, 5083)
(7953, 5082)
(7952, 5081)
(7951, 5081)
(7950, 5080)
(7949, 5080)
(7948, 5079)
(7947, 5078)
(7946, 5077)
(7945, 5076)
(7944, 5075)
(7943, 5075)
(7942, 5074)
(7943, 5073)
(7942, 5072)
(7941, 5071)
(7940, 5070)
(7941, 5069)
(7942, 5068)
(7941, 5067)
(7940, 5066)
(7940, 5065)
(7940, 5064)
(7940, 5063)
(7939, 5062)
(7938, 5061)
(7937, 5060)
(7936, 5059)
(7935, 5058)
(7934, 5058)
(7933, 5058)
(7934, 5057)
(7933, 5056)
(7932, 5055)
(7931, 5054)
(7931, 5053)
(7930, 5052)
(7929, 5051)
(7928, 5050)
(7927, 5049)
(7926, 5048)
(7925, 5047)
(7924, 5046)
(7923, 5045)
(7922, 5044)
(7921, 5043)
(7920, 5042)
(7919, 5041)
(7918, 5040)
(7917, 5039)
(7916, 5038)
(7915, 5037)
(7914, 5036)
(7913, 5035)
(7913, 5034)
(7914, 5033)
(7914, 5032)
(7914, 5031)
(7914, 5030)
(7913, 5029)
(7912, 5028)
(7911, 5027)
(7910, 5026)
(7909, 5025)
(7908, 5024)
(7907, 5023)
(7907, 5022)
(7906, 5021)
(7907, 5020)
(7906, 5019)
(7906, 5018)
(7906, 5017)
(7906, 5016)
(7907, 5015)
(7907, 5014)
(7907, 5013)
(7907, 5012)
(7907, 5011)
(7907, 5010)
(7907, 5009)
(7906, 5008)
(7905, 5007)
(7904, 5006)
(7903, 5005)
(7902, 5004)
(7901, 5004)
(7900, 5004)
(7901, 5003)
(7901, 5002)
(7900, 5001)
(7899, 5000)
(7898, 5000)
(7897, 4999)
(7897, 4998)
(7898, 4997)
(7898, 4996)
(7897, 4995)
(7896, 4994)
(7896, 4993)
(7896, 4992)
(7896, 4991)
(7895, 4990)
(7895, 4989)
(7896, 4988)
(7896, 4987)
(7896, 4986)
(7895, 4985)
(7894, 4984)
(7893, 4983)
(7893, 4982)
(7892, 4981)
(7892, 4980)
(7891, 4979)
(7890, 4978)
(7889, 4977)
(7888, 4976)
(7887, 4975)
(7886, 4974)
(7885, 4973)
(7884, 4972)
(7883, 4971)
(7882, 4970)
(7881, 4969)
(7880, 4968)
(7879, 4967)
(7878, 4966)
(7877, 4965)
(7876, 4964)
(7875, 4963)
(7874, 4962)
(7873, 4961)
(7872, 4960)
(7871, 4959)
(7870, 4958)
(7869, 4957)
(7868, 4956)
(7867, 4955)
(7866, 4954)
(7866, 4953)
(7865, 4952)
(7864, 4951)
(7863, 4950)
(7862, 4949)
(7861, 4948)
(7860, 4947)
(7859, 4946)
(7858, 4945)
(7857, 4945)
(7856, 4944)
(7855, 4943)
(7854, 4942)
(7853, 4941)
(7852, 4940)
(7851, 4939)
(7850, 4938)
(7849, 4937)
(7848, 4936)
(7847, 4935)
(7846, 4936)
(7845, 4935)
(7844, 4934)
(7843, 4933)
(7842, 4933)
(7841, 4934)
(7840, 4933)
(7839, 4932)
(7838, 4932)
(7837, 4933)
(7836, 4933)
(7835, 4933)
(7834, 4933)
(7833, 4933)
(7832, 4933)
(7831, 4933)
(7830, 4933)
(7829, 4933)
(7828, 4932)
(7827, 4931)
(7826, 4930)
(7825, 4929)
(7824, 4929)
(7823, 4929)
(7822, 4929)
(7821, 4928)
(7820, 4927)
(7819, 4926)
(7818, 4926)
(7817, 4925)
(7816, 4925)
(7815, 4924)
(7814, 4924)
(7813, 4923)
(7812, 4922)
(7811, 4922)
(7810, 4921)
(7809, 4920)
(7808, 4919)
(7807, 4919)
(7806, 4919)
(7805, 4918)
(7804, 4918)
(7803, 4918)
(7802, 4917)
(7801, 4916)
(7800, 4915)
(7799, 4915)
(7798, 4914)
(7797, 4913)
(7796, 4913)
(7795, 4913)
(7794, 4913)
(7794, 4914)
(7793, 4915)
(7793, 4916)
(7793, 4917)
(7792, 4917)
(7791, 4917)
(7790, 4916)
(7789, 4915)
(7788, 4915)
(7787, 4915)
(7786, 4914)
(7785, 4914)
(7786, 4915)
(7785, 4916)
(7785, 4917)
(7784, 4918)
(7785, 4918)
(7784, 4919)
(7783, 4919)
(7782, 4918)
(7781, 4917)
(7780, 4916)
(7779, 4915)
(7778, 4915)
(7777, 4916)
(7776, 4916)
(7775, 4915)
(7774, 4915)
(7773, 4915)
(7772, 4916)
(7773, 4917)
(7772, 4918)
(7771, 4919)
(7771, 4920)
(7770, 4919)
(7769, 4919)
(7768, 4918)
(7767, 4917)
(7766, 4916)
(7765, 4915)
(7764, 4914)
(7763, 4913)
(7762, 4914)
(7761, 4914)
(7760, 4913)
(7759, 4912)
(7758, 4911)
(7757, 4912)
(7756, 4912)
(7755, 4912)
(7754, 4912)
(7753, 4911)
(7752, 4910)
(7751, 4910)
(7750, 4910)
(7749, 4909)
(7748, 4908)
(7747, 4908)
(7746, 4908)
(7746, 4909)
(7745, 4908)
(7744, 4907)
(7743, 4906)
(7742, 4906)
(7741, 4905)
(7740, 4904)
(7739, 4904)
(7738, 4905)
(7737, 4906)
(7736, 4906)
(7735, 4905)
(7734, 4904)
(7733, 4905)
(7732, 4905)
(7731, 4904)
(7730, 4905)
(7729, 4905)
(7729, 4906)
(7728, 4906)
(7727, 4905)
(7726, 4904)
(7725, 4903)
(7724, 4904)
(7723, 4904)
(7724, 4905)
(7723, 4906)
(7723, 4907)
(7722, 4908)
(7721, 4908)
(7720, 4909)
(7719, 4910)
(7718, 4910)
(7717, 4910)
(7716, 4910)
(7715, 4909)
(7714, 4908)
(7713, 4907)
(7712, 4906)
(7712, 4907)
(7711, 4908)
(7710, 4907)
(7709, 4907)
(7708, 4906)
(7707, 4906)
(7706, 4906)
(7705, 4905)
(7704, 4904)
(7703, 4904)
(7702, 4904)
(7701, 4904)
(7700, 4904)
(7699, 4904)
(7699, 4905)
(7698, 4906)
(7697, 4907)
(7696, 4907)
(7695, 4907)
(7694, 4908)
(7693, 4908)
(7692, 4907)
(7691, 4906)
(7690, 4905)
(7689, 4904)
(7688, 4904)
(7687, 4903)
(7686, 4902)
(7685, 4903)
(7684, 4903)
(7683, 4902)
(7682, 4901)
(7681, 4900)
(7680, 4900)
(7679, 4899)
(7678, 4899)
(7677, 4899)
(7676, 4898)
(7675, 4897)
(7674, 4896)
(7673, 4895)
(7672, 4894)
(7671, 4894)
(7670, 4894)
(7669, 4894)
(7668, 4893)
(7667, 4893)
(7666, 4892)
(7665, 4891)
(7664, 4890)
(7663, 4889)
(7662, 4888)
(7661, 4887)
(7660, 4887)
(7659, 4887)
(7658, 4887)
(7657, 4886)
(7656, 4886)
(7655, 4887)
(7654, 4887)
(7653, 4887)
(7652, 4887)
(7651, 4887)
(7650, 4886)
(7649, 4885)
(7648, 4884)
(7647, 4884)
(7646, 4883)
(7645, 4884)
(7645, 4885)
(7644, 4886)
(7643, 4886)
(7642, 4885)
(7641, 4884)
(7640, 4883)
(7639, 4882)
(7638, 4881)
(7637, 4880)
(7636, 4879)
(7635, 4879)
(7634, 4878)
(7633, 4877)
(7633, 4878)
(7632, 4879)
(7631, 4879)
(7630, 4879)
(7629, 4880)
(7628, 4880)
(7629, 4881)
(7628, 4882)
(7627, 4882)
(7626, 4882)
(7625, 4881)
(7624, 4880)
(7623, 4880)
(7622, 4879)
(7621, 4878)
(7620, 4879)
(7619, 4879)
(7618, 4878)
(7617, 4877)
(7616, 4878)
(7615, 4877)
(7614, 4878)
(7613, 4877)
(7612, 4877)
(7611, 4876)
(7610, 4875)
(7609, 4874)
(7608, 4873)
(7607, 4872)
(7606, 4871)
(7605, 4871)
(7604, 4870)
(7603, 4869)
(7602, 4868)
(7601, 4867)
(7600, 4866)
(7599, 4866)
(7598, 4865)
(7597, 4864)
(7596, 4863)
(7595, 4862)
(7594, 4863)
(7593, 4862)
(7592, 4861)
(7591, 4860)
(7590, 4859)
(7589, 4858)
(7588, 4857)
(7587, 4856)
(7586, 4855)
(7585, 4856)
(7584, 4856)
(7583, 4857)
(7582, 4857)
(7581, 4857)
(7581, 4858)
(7580, 4857)
(7579, 4857)
(7578, 4856)
(7577, 4855)
(7576, 4854)
(7575, 4854)
(7574, 4855)
(7573, 4854)
(7572, 4854)
(7571, 4854)
(7570, 4853)
(7569, 4853)
(7568, 4852)
(7567, 4852)
(7566, 4852)
(7565, 4851)
(7564, 4851)
(7563, 4851)
(7562, 4850)
(7561, 4849)
(7560, 4849)
(7559, 4848)
(7558, 4848)
(7557, 4848)
(7556, 4847)
(7555, 4847)
(7554, 4847)
(7553, 4848)
(7552, 4849)
(7551, 4848)
(7550, 4847)
(7549, 4846)
(7548, 4846)
(7547, 4846)
(7546, 4846)
(7546, 4847)
(7545, 4847)
(7544, 4846)
(7543, 4845)
(7542, 4844)
(7541, 4843)
(7540, 4844)
(7539, 4843)
(7538, 4842)
(7537, 4841)
(7536, 4841)
(7535, 4840)
(7534, 4839)
(7533, 4838)
(7532, 4838)
(7531, 4838)
(7530, 4837)
(7529, 4836)
(7528, 4835)
(7527, 4834)
(7526, 4833)
(7525, 4833)
(7524, 4833)
(7523, 4833)
(7522, 4832)
(7521, 4832)
(7520, 4831)
(7519, 4830)
(7518, 4829)
(7517, 4828)
(7516, 4827)
(7515, 4826)
(7514, 4825)
(7513, 4824)
(7512, 4823)
(7511, 4822)
(7510, 4821)
(7509, 4822)
(7508, 4822)
(7507, 4822)
(7506, 4821)
(7505, 4820)
(7504, 4819)
(7503, 4820)
(7502, 4819)
(7501, 4818)
(7500, 4818)
(7499, 4818)
(7498, 4818)
(7497, 4818)
(7496, 4818)
(7495, 4818)
(7494, 4817)
(7493, 4816)
(7492, 4815)
(7491, 4814)
(7490, 4814)
(7489, 4813)
(7488, 4812)
(7487, 4811)
(7486, 4810)
(7485, 4809)
(7484, 4808)
(7483, 4808)
(7482, 4808)
(7481, 4807)
(7480, 4806)
(7479, 4805)
(7478, 4804)
(7477, 4803)
(7476, 4803)
(7475, 4802)
(7474, 4801)
(7473, 4800)
(7472, 4800)
(7471, 4799)
(7470, 4799)
(7469, 4799)
(7468, 4799)
(7467, 4798)
(7466, 4797)
(7465, 4796)
(7464, 4796)
(7463, 4795)
(7462, 4794)
(7461, 4793)
(7460, 4793)
(7459, 4792)
(7458, 4792)
(7457, 4791)
(7456, 4790)
(7455, 4789)
(7454, 4788)
(7453, 4787)
(7452, 4786)
(7451, 4785)
(7450, 4784)
(7449, 4783)
(7448, 4782)
(7447, 4781)
(7446, 4780)
(7445, 4779)
(7444, 4778)
(7443, 4777)
(7442, 4776)
(7441, 4775)
(7440, 4774)
(7439, 4773)
(7438, 4772)
(7437, 4771)
(7436, 4770)
(7435, 4769)
(7434, 4769)
(7433, 4768)
(7432, 4767)
(7431, 4766)
(7430, 4765)
(7429, 4764)
(7428, 4763)
(7427, 4762)
(7426, 4761)
(7425, 4760)
(7424, 4759)
(7423, 4758)
(7422, 4757)
(7421, 4756)
(7420, 4755)
(7419, 4754)
(7418, 4753)
(7417, 4752)
(7416, 4752)
(7415, 4753)
(7414, 4754)
(7413, 4753)
(7412, 4752)
(7411, 4751)
(7410, 4752)
(7409, 4751)
(7408, 4750)
(7407, 4749)
(7406, 4748)
(7405, 4747)
(7404, 4746)
(7403, 4745)
(7402, 4745)
(7401, 4744)
(7400, 4743)
(7399, 4743)
(7398, 4744)
(7397, 4745)
(7396, 4746)
(7395, 4747)
(7394, 4747)
(7393, 4748)
(7392, 4748)
(7391, 4748)
(7390, 4748)
(7389, 4748)
(7388, 4748)
(7387, 4748)
(7386, 4748)
(7385, 4748)
(7384, 4748)
(7383, 4747)
(7382, 4747)
(7381, 4747)
(7380, 4747)
(7379, 4747)
(7378, 4747)
(7377, 4747)
(7376, 4747)
(7375, 4747)
(7374, 4747)
(7373, 4748)
(7372, 4749)
(7371, 4750)
(7370, 4751)
(7369, 4751)
(7368, 4750)
(7367, 4750)
(7366, 4749)
(7365, 4748)
(7364, 4747)
(7363, 4747)
(7362, 4747)
(7361, 4747)
(7360, 4747)
(7359, 4747)
(7358, 4747)
(7357, 4747)
(7356, 4746)
(7355, 4745)
(7354, 4744)
(7353, 4743)
(7352, 4742)
(7351, 4741)
(7350, 4740)
(7349, 4739)
(7348, 4738)
(7347, 4738)
(7346, 4738)
(7345, 4738)
(7344, 4737)
(7343, 4736)
(7342, 4735)
(7341, 4735)
(7340, 4736)
(7339, 4735)
(7338, 4734)
(7337, 4733)
(7336, 4732)
(7335, 4731)
(7334, 4731)
(7333, 4731)
(7332, 4731)
(7331, 4731)
(7330, 4731)
(7329, 4731)
(7328, 4731)
(7327, 4731)
(7326, 4731)
(7325, 4731)
(7324, 4731)
(7323, 4731)
(7322, 4731)
(7321, 4731)
(7320, 4732)
(7319, 4733)
(7318, 4733)
(7317, 4733)
(7316, 4734)
(7315, 4735)
(7314, 4736)
(7313, 4737)
(7312, 4738)
(7311, 4738)
(7310, 4738)
(7309, 4737)
(7308, 4736)
(7307, 4735)
(7306, 4735)
(7305, 4735)
(7304, 4735)
(7303, 4735)
(7302, 4736)
(7301, 4736)
(7300, 4735)
(7299, 4734)
(7298, 4734)
(7297, 4733)
(7296, 4733)
(7295, 4732)
(7294, 4731)
(7293, 4731)
(7292, 4730)
(7291, 4730)
(7290, 4729)
(7289, 4728)
(7288, 4727)
(7287, 4727)
(7286, 4727)
(7285, 4727)
(7284, 4727)
(7283, 4727)
(7282, 4727)
(7281, 4726)
(7280, 4725)
(7279, 4724)
(7278, 4723)
(7277, 4723)
(7276, 4722)
(7275, 4721)
(7274, 4720)
(7273, 4719)
(7272, 4718)
(7271, 4717)
(7270, 4716)
(7269, 4715)
(7268, 4715)
(7267, 4714)
(7266, 4713)
(7265, 4712)
(7264, 4711)
(7263, 4710)
(7262, 4709)
(7261, 4708)
(7260, 4707)
(7259, 4706)
(7258, 4705)
(7257, 4705)
(7256, 4705)
(7255, 4704)
(7254, 4704)
(7253, 4704)
(7252, 4703)
(7251, 4702)
(7250, 4701)
(7249, 4700)
(7248, 4699)
(7247, 4699)
(7246, 4698)
(7245, 4698)
(7244, 4698)
(7243, 4698)
(7242, 4697)
(7241, 4696)
(7240, 4695)
(7239, 4694)
(7238, 4693)
(7237, 4692)
(7236, 4691)
(7235, 4690)
(7234, 4689)
(7233, 4688)
(7232, 4687)
(7231, 4687)
(7230, 4686)
(7229, 4685)
(7228, 4684)
(7227, 4683)
(7226, 4682)
(7225, 4681)
(7224, 4680)
(7223, 4679)
(7222, 4678)
(7221, 4677)
(7220, 4676)
(7219, 4675)
(7218, 4675)
(7217, 4675)
(7216, 4675)
(7215, 4674)
(7214, 4673)
(7213, 4672)
(7212, 4671)
(7211, 4670)
(7210, 4669)
(7209, 4668)
(7208, 4667)
(7207, 4666)
(7206, 4665)
(7206, 4664)
(7206, 4663)
(7207, 4662)
(7206, 4661)
(7205, 4660)
(7205, 4659)
(7205, 4658)
(7204, 4657)
(7203, 4656)
(7202, 4655)
(7201, 4654)
(7200, 4653)
(7199, 4652)
(7198, 4652)
(7197, 4651)
(7196, 4650)
(7195, 4649)
(7194, 4648)
(7193, 4647)
(7192, 4646)
(7191, 4645)
(7191, 4644)
(7190, 4643)
(7189, 4642)
(7188, 4641)
(7187, 4640)
(7188, 4639)
(7187, 4638)
(7186, 4637)
(7185, 4637)
(7186, 4636)
(7186, 4635)
(7185, 4634)
(7184, 4633)
(7183, 4633)
(7182, 4632)
(7181, 4631)
(7180, 4630)
(7179, 4630)
(7178, 4629)
(7177, 4628)
(7176, 4627)
(7175, 4626)
(7174, 4625)
(7173, 4624)
(7172, 4623)
(7171, 4623)
(7170, 4622)
(7169, 4621)
(7168, 4620)
(7167, 4619)
(7166, 4620)
(7165, 4620)
(7164, 4620)
(7163, 4619)
(7162, 4618)
(7161, 4617)
(7160, 4616)
(7159, 4615)
(7159, 4614)
(7158, 4613)
(7157, 4612)
(7156, 4611)
(7155, 4610)
(7154, 4609)
(7153, 4608)
(7152, 4607)
(7151, 4606)
(7150, 4605)
(7149, 4604)
(7148, 4603)
(7147, 4602)
(7146, 4601)
(7145, 4601)
(7144, 4600)
(7143, 4599)
(7142, 4598)
(7141, 4598)
(7140, 4597)
(7139, 4596)
(7138, 4595)
(7137, 4594)
(7136, 4593)
(7135, 4593)
(7134, 4592)
(7133, 4592)
(7132, 4592)
(7131, 4591)
(7130, 4590)
(7129, 4590)
(7128, 4590)
(7127, 4590)
(7126, 4591)
(7125, 4591)
(7124, 4590)
(7123, 4591)
(7122, 4590)
(7121, 4591)
(7120, 4592)
(7119, 4591)
(7118, 4590)
(7117, 4590)
(7116, 4589)
(7115, 4588)
(7114, 4587)
(7113, 4586)
(7112, 4585)
(7111, 4584)
(7110, 4583)
(7109, 4582)
(7108, 4581)
(7107, 4581)
(7108, 4580)
(7107, 4579)
(7106, 4578)
(7105, 4577)
(7104, 4576)
(7103, 4575)
(7102, 4574)
(7101, 4573)
(7100, 4572)
(7099, 4571)
(7098, 4570)
(7097, 4570)
(7096, 4569)
(7095, 4568)
(7094, 4567)
(7093, 4566)
(7092, 4565)
(7091, 4564)
(7090, 4563)
(7089, 4562)
(7088, 4561)
(7087, 4560)
(7086, 4559)
(7085, 4558)
(7084, 4557)
(7083, 4556)
(7082, 4555)
(7083, 4554)
(7083, 4553)
(7083, 4552)
(7082, 4551)
(7082, 4550)
(7081, 4549)
(7081, 4548)
(7082, 4547)
(7082, 4546)
(7082, 4545)
(7081, 4544)
(7080, 4543)
(7079, 4542)
(7078, 4541)
(7077, 4540)
(7076, 4539)
(7075, 4538)
(7074, 4538)
(7073, 4537)
(7072, 4537)
(7071, 4536)
(7070, 4535)
(7069, 4535)
(7068, 4534)
(7067, 4533)
(7066, 4532)
(7065, 4531)
(7064, 4530)
(7063, 4530)
(7064, 4529)
(7064, 4528)
(7063, 4527)
(7064, 4526)
(7063, 4525)
(7062, 4524)
(7063, 4523)
(7062, 4522)
(7061, 4521)
(7061, 4520)
(7062, 4519)
(7061, 4518)
(7060, 4517)
(7060, 4516)
(7059, 4515)
(7058, 4514)
(7059, 4513)
(7060, 4512)
(7060, 4511)
(7060, 4510)
(7060, 4509)
(7060, 4508)
(7060, 4507)
(7059, 4506)
(7058, 4505)
(7057, 4504)
(7058, 4503)
(7058, 4502)
(7058, 4501)
(7059, 4501)
(7060, 4500)
(7061, 4499)
(7062, 4498)
(7062, 4497)
(7062, 4496)
(7063, 4495)
(7062, 4494)
(7061, 4493)
(7060, 4492)
(7059, 4491)
(7058, 4490)
(7057, 4489)
(7056, 4488)
(7056, 4487)
(7055, 4486)
(7054, 4485)
(7053, 4484)
(7052, 4484)
(7051, 4483)
(7050, 4482)
(7049, 4481)
(7048, 4480)
(7048, 4479)
(7048, 4478)
(7047, 4477)
(7046, 4476)
(7045, 4475)
(7045, 4474)
(7044, 4473)
(7043, 4472)
(7042, 4471)
(7041, 4470)
(7040, 4469)
(7040, 4468)
(7040, 4467)
(7039, 4466)
(7038, 4465)
(7037, 4464)
(7036, 4463)
(7035, 4463)
(7034, 4462)
(7033, 4461)
(7032, 4460)
(7031, 4459)
(7030, 4458)
(7029, 4457)
(7028, 4456)
(7027, 4455)
(7026, 4454)
(7025, 4453)
(7024, 4452)
(7025, 4451)
(7026, 4450)
(7027, 4449)
(7027, 4448)
(7028, 4447)
(7028, 4446)
(7028, 4445)
(7029, 4444)
(7029, 4443)
(7030, 4443)
(7031, 4442)
(7031, 4441)
(7031, 4440)
(7030, 4439)
(7029, 4438)
(7028, 4437)
(7028, 4436)
(7027, 4435)
(7026, 4434)
(7025, 4433)
(7024, 4432)
(7023, 4431)
(7022, 4431)
(7021, 4430)
(7020, 4429)
(7019, 4428)
(7018, 4427)
(7017, 4426)
(7016, 4425)
(7015, 4424)
(7014, 4423)
(7013, 4422)
(7012, 4421)
(7011, 4420)
(7010, 4419)
(7010, 4418)
(7010, 4417)
(7010, 4416)
(7010, 4415)
(7011, 4415)
(7010, 4414)
(7009, 4413)
(7008, 4412)
(7007, 4411)
(7006, 4410)
(7005, 4409)
(7005, 4408)
(7005, 4407)
(7005, 4406)
(7004, 4405)
(7003, 4404)
(7002, 4403)
(7001, 4402)
(7000, 4401)
(6999, 4400)
(6998, 4399)
(6998, 4398)
(6998, 4397)
(6997, 4396)
(6996, 4396)
(6997, 4395)
(6996, 4394)
(6995, 4393)
(6994, 4392)
(6993, 4391)
(6992, 4390)
(6991, 4390)
(6992, 4389)
(6993, 4388)
(6993, 4387)
(6992, 4386)
(6991, 4385)
(6990, 4384)
(6989, 4384)
(6990, 4383)
(6990, 4382)
(6989, 4381)
(6988, 4380)
(6988, 4379)
(6988, 4378)
(6988, 4377)
(6988, 4376)
(6988, 4375)
(6987, 4374)
(6987, 4373)
(6986, 4372)
(6985, 4371)
(6984, 4371)
(6983, 4370)
(6982, 4370)
(6981, 4369)
(6980, 4369)
(6979, 4368)
(6978, 4367)
(6977, 4366)
(6976, 4365)
(6975, 4364)
(6976, 4363)
(6976, 4362)
(6975, 4361)
(6974, 4360)
(6973, 4359)
(6972, 4358)
(6973, 4357)
(6973, 4356)
(6973, 4355)
(6972, 4354)
(6971, 4353)
(6971, 4352)
(6971, 4351)
(6970, 4351)
(6971, 4350)
(6972, 4349)
(6972, 4348)
(6971, 4347)
(6970, 4346)
(6969, 4345)
(6969, 4344)
(6970, 4343)
(6970, 4344)
(6971, 4343)
(6971, 4344)
(6972, 4343)
(6972, 4342)
(6973, 4341)
(6973, 4340)
(6972, 4340)
(6973, 4339)
(6972, 4338)
(6972, 4337)
(6973, 4336)
(6973, 4335)
(6973, 4334)
(6972, 4333)
(6971, 4332)
(6970, 4331)
(6970, 4330)
(6971, 4329)
(6970, 4328)
(6969, 4327)
(6968, 4326)
(6967, 4325)
(6966, 4324)
(6965, 4323)
(6964, 4322)
(6963, 4321)
(6962, 4320)
(6961, 4320)
(6960, 4319)
(6959, 4319)
(6958, 4318)
(6957, 4317)
(6956, 4316)
(6955, 4315)
(6954, 4314)
(6953, 4313)
(6952, 4312)
(6951, 4311)
(6950, 4310)
(6949, 4309)
(6948, 4308)
(6947, 4308)
(6946, 4308)
(6945, 4307)
(6944, 4307)
(6943, 4306)
(6942, 4305)
(6941, 4304)
(6940, 4303)
(6939, 4302)
(6938, 4302)
(6937, 4301)
(6936, 4301)
(6935, 4301)
(6934, 4300)
(6933, 4299)
(6932, 4298)
(6931, 4297)
(6930, 4296)
(6929, 4295)
(6928, 4295)
(6927, 4294)
(6926, 4293)
(6925, 4292)
(6924, 4291)
(6923, 4290)
(6922, 4289)
(6921, 4289)
(6920, 4289)
(6919, 4288)
(6918, 4288)
(6917, 4287)
(6916, 4286)
(6915, 4285)
(6914, 4284)
(6913, 4283)
(6912, 4283)
(6911, 4282)
(6910, 4281)
(6909, 4280)
(6908, 4279)
(6907, 4280)
(6906, 4280)
(6905, 4279)
(6904, 4278)
(6903, 4278)
(6902, 4277)
(6901, 4276)
(6900, 4275)
(6899, 4274)
(6898, 4273)
(6897, 4272)
(6896, 4271)
(6895, 4270)
(6894, 4269)
(6893, 4268)
(6892, 4267)
(6891, 4266)
(6891, 4265)
(6890, 4264)
(6889, 4263)
(6888, 4262)
(6887, 4261)
(6886, 4260)
(6885, 4259)
(6884, 4258)
(6883, 4257)
(6882, 4257)
(6881, 4256)
(6880, 4257)
(6879, 4257)
(6878, 4258)
(6877, 4257)
(6876, 4256)
(6875, 4255)
(6874, 4254)
(6873, 4253)
(6872, 4252)
(6871, 4251)
(6870, 4250)
(6869, 4249)
(6868, 4249)
(6867, 4250)
(6866, 4249)
(6865, 4248)
(6864, 4247)
(6863, 4246)
(6862, 4245)
(6861, 4246)
(6860, 4245)
(6859, 4246)
(6858, 4245)
(6857, 4244)
(6856, 4243)
(6855, 4242)
(6854, 4241)
(6853, 4240)
(6852, 4239)
(6851, 4238)
(6850, 4237)
(6849, 4236)
(6848, 4235)
(6847, 4234)
(6846, 4233)
(6845, 4233)
(6844, 4232)
(6844, 4231)
(6844, 4230)
(6843, 4229)
(6842, 4228)
(6841, 4227)
(6840, 4226)
(6839, 4225)
(6838, 4224)
(6837, 4223)
(6836, 4222)
(6835, 4221)
(6834, 4220)
(6833, 4219)
(6832, 4218)
(6831, 4217)
(6830, 4216)
(6829, 4215)
(6828, 4214)
(6827, 4213)
(6826, 4212)
(6825, 4211)
(6824, 4210)
(6823, 4209)
(6822, 4208)
(6821, 4207)
(6820, 4206)
(6819, 4205)
(6818, 4204)
(6817, 4203)
(6816, 4202)
(6815, 4201)
(6814, 4200)
(6813, 4199)
(6812, 4198)
(6811, 4198)
(6810, 4197)
(6809, 4196)
(6808, 4195)
(6807, 4194)
(6806, 4193)
(6805, 4192)
(6804, 4191)
(6803, 4190)
(6802, 4189)
(6801, 4188)
(6800, 4187)
(6799, 4186)
(6798, 4185)
(6797, 4184)
(6796, 4184)
(6795, 4183)
(6794, 4183)
(6793, 4182)
(6792, 4181)
(6792, 4180)
(6791, 4179)
(6790, 4178)
(6789, 4177)
(6788, 4177)
(6787, 4176)
(6786, 4175)
(6786, 4174)
(6786, 4173)
(6787, 4172)
(6788, 4172)
(6789, 4172)
(6790, 4171)
(6791, 4170)
(6790, 4169)
(6789, 4169)
(6790, 4168)
(6791, 4167)
(6790, 4166)
(6789, 4165)
(6788, 4164)
(6787, 4163)
(6786, 4162)
(6785, 4161)
(6784, 4160)
(6783, 4159)
(6783, 4158)
(6782, 4157)
(6781, 4156)
(6780, 4155)
(6779, 4154)
(6778, 4153)
(6777, 4152)
(6776, 4151)
(6775, 4150)
(6774, 4149)
(6773, 4148)
(6772, 4147)
(6771, 4147)
(6770, 4146)
(6769, 4145)
(6768, 4144)
(6767, 4143)
(6766, 4142)
(6765, 4142)
(6764, 4141)
(6763, 4140)
(6762, 4139)
(6761, 4138)
(6762, 4137)
(6761, 4136)
(6760, 4135)
(6759, 4134)
(6758, 4133)
(6757, 4132)
(6756, 4131)
(6755, 4130)
(6754, 4130)
(6753, 4130)
(6752, 4129)
(6751, 4128)
(6750, 4127)
(6749, 4126)
(6748, 4125)
(6747, 4124)
(6746, 4123)
(6745, 4122)
(6744, 4121)
(6743, 4120)
(6742, 4119)
(6741, 4118)
(6740, 4117)
(6739, 4116)
(6738, 4115)
(6737, 4114)
(6736, 4113)
(6735, 4112)
(6734, 4111)
(6733, 4110)
(6732, 4109)
(6731, 4108)
(6730, 4107)
(6729, 4106)
(6728, 4105)
(6727, 4104)
(6726, 4103)
(6725, 4102)
(6724, 4101)
(6723, 4100)
(6722, 4099)
(6721, 4098)
(6720, 4097)
(6719, 4096)
(6718, 4095)
(6717, 4094)
(6716, 4093)
(6715, 4092)
(6714, 4091)
(6715, 4090)
(6715, 4089)
(6714, 4088)
(6713, 4087)
(6712, 4086)
(6711, 4085)
(6710, 4084)
(6709, 4083)
(6708, 4082)
(6709, 4081)
(6708, 4080)
(6707, 4079)
(6706, 4078)
(6705, 4077)
(6704, 4077)
(6703, 4076)
(6702, 4075)
(6701, 4074)
(6701, 4073)
(6700, 4072)
(6699, 4071)
(6698, 4070)
(6697, 4069)
(6696, 4068)
(6695, 4067)
(6694, 4067)
(6693, 4066)
(6692, 4065)
(6691, 4064)
(6690, 4063)
(6689, 4062)
(6688, 4061)
(6687, 4060)
(6686, 4060)
(6685, 4059)
(6684, 4058)
(6683, 4057)
(6682, 4056)
(6681, 4055)
(6680, 4054)
(6679, 4053)
(6678, 4052)
(6678, 4051)
(6678, 4050)
(6678, 4049)
(6678, 4048)
(6677, 4047)
(6676, 4046)
(6675, 4045)
(6674, 4044)
(6673, 4044)
(6672, 4043)
(6671, 4042)
(6670, 4041)
(6669, 4040)
(6668, 4039)
(6667, 4038)
(6666, 4037)
(6665, 4036)
(6664, 4035)
(6663, 4034)
(6662, 4033)
(6661, 4032)
(6660, 4031)
(6659, 4030)
(6658, 4029)
(6657, 4028)
(6656, 4027)
(6655, 4026)
(6654, 4025)
(6653, 4024)
(6652, 4023)
(6651, 4022)
(6650, 4021)
(6649, 4020)
(6648, 4019)
(6647, 4018)
(6646, 4017)
(6645, 4016)
(6644, 4015)
(6643, 4014)
(6642, 4013)
(6641, 4012)
(6640, 4011)
(6639, 4010)
(6638, 4009)
(6637, 4008)
(6636, 4009)
(6635, 4008)
(6634, 4009)
(6633, 4009)
(6632, 4009)
(6631, 4009)
(6630, 4008)
(6629, 4007)
(6628, 4006)
(6627, 4005)
(6626, 4004)
(6625, 4003)
(6624, 4002)
(6623, 4001)
(6622, 4000)
(6622, 3999)
(6621, 3998)
(6620, 3997)
(6619, 3996)
(6618, 3995)
(6617, 3994)
(6616, 3993)
(6615, 3992)
(6614, 3991)
(6613, 3990)
(6612, 3989)
(6611, 3988)
(6610, 3987)
(6609, 3986)
(6608, 3985)
(6607, 3984)
(6606, 3983)
(6605, 3982)
(6604, 3983)
(6603, 3982)
(6602, 3981)
(6601, 3982)
(6600, 3981)
(6599, 3981)
(6598, 3980)
(6597, 3979)
(6596, 3978)
(6595, 3977)
(6594, 3977)
(6593, 3976)
(6592, 3975)
(6591, 3974)
(6590, 3974)
(6589, 3973)
(6588, 3972)
(6587, 3972)
(6586, 3971)
(6585, 3970)
(6584, 3969)
(6583, 3968)
(6582, 3967)
(6581, 3966)
(6580, 3965)
(6579, 3964)
(6578, 3963)
(6577, 3962)
(6576, 3961)
(6575, 3960)
(6574, 3959)
(6573, 3958)
(6572, 3957)
(6571, 3956)
(6570, 3956)
(6569, 3955)
(6568, 3954)
(6567, 3953)
(6566, 3952)
(6565, 3951)
(6564, 3950)
(6563, 3949)
(6562, 3948)
(6561, 3947)
(6560, 3946)
(6559, 3945)
(6558, 3944)
(6557, 3943)
(6556, 3942)
(6555, 3941)
(6554, 3942)
(6553, 3942)
(6552, 3941)
(6551, 3940)
(6550, 3939)
(6549, 3938)
(6548, 3937)
(6547, 3936)
(6546, 3935)
(6545, 3934)
(6544, 3934)
(6543, 3934)
(6542, 3934)
(6541, 3934)
(6540, 3933)
(6539, 3932)
(6538, 3931)
(6537, 3932)
(6536, 3931)
(6535, 3931)
(6534, 3930)
(6533, 3929)
(6534, 3928)
(6534, 3927)
(6533, 3926)
(6532, 3925)
(6531, 3924)
(6530, 3923)
(6529, 3922)
(6528, 3921)
(6527, 3920)
(6526, 3919)
(6525, 3918)
(6524, 3917)
(6523, 3917)
(6522, 3917)
(6521, 3916)
(6520, 3915)
(6519, 3914)
(6518, 3913)
(6517, 3912)
(6516, 3911)
(6515, 3911)
(6514, 3910)
(6513, 3909)
(6512, 3908)
(6512, 3907)
(6511, 3906)
(6510, 3905)
(6509, 3904)
(6508, 3903)
(6507, 3902)
(6506, 3901)
(6505, 3900)
(6504, 3899)
(6504, 3898)
(6503, 3897)
(6503, 3896)
(6503, 3895)
(6502, 3894)
(6501, 3894)
(6500, 3893)
(6500, 3892)
(6500, 3891)
(6501, 3890)
(6502, 3889)
(6502, 3888)
(6501, 3887)
(6501, 3886)
(6500, 3885)
(6499, 3884)
(6498, 3883)
(6498, 3882)
(6497, 3881)
(6496, 3880)
(6495, 3879)
(6494, 3878)
(6493, 3877)
(6492, 3876)
(6491, 3875)
(6490, 3874)
(6489, 3875)
(6488, 3874)
(6487, 3873)
(6486, 3872)
(6485, 3871)
(6484, 3870)
(6483, 3869)
(6482, 3868)
(6481, 3867)
(6480, 3867)
(6479, 3866)
(6478, 3865)
(6477, 3864)
(6476, 3863)
(6475, 3862)
(6474, 3861)
(6473, 3861)
(6472, 3860)
(6471, 3859)
(6470, 3858)
(6469, 3857)
(6468, 3856)
(6467, 3855)
(6466, 3854)
(6465, 3853)
(6464, 3852)
(6463, 3853)
(6462, 3852)
(6461, 3851)
(6460, 3850)
(6459, 3849)
(6458, 3848)
(6457, 3847)
(6456, 3846)
(6455, 3845)
(6454, 3844)
(6453, 3843)
(6452, 3842)
(6451, 3841)
(6450, 3840)
(6449, 3839)
(6448, 3838)
(6447, 3837)
(6446, 3836)
(6445, 3835)
(6445, 3834)
(6446, 3833)
(6446, 3832)
(6445, 3831)
(6445, 3830)
(6444, 3829)
(6444, 3828)
(6443, 3827)
(6442, 3826)
(6441, 3825)
(6440, 3824)
(6439, 3823)
(6438, 3822)
(6437, 3821)
(6436, 3820)
(6436, 3819)
(6436, 3818)
(6435, 3817)
(6436, 3816)
(6435, 3815)
(6434, 3814)
(6435, 3813)
(6435, 3812)
(6436, 3811)
(6435, 3810)
(6434, 3809)
(6433, 3808)
(6432, 3807)
(6431, 3806)
(6430, 3805)
(6429, 3804)
(6428, 3803)
(6427, 3802)
(6426, 3801)
(6425, 3800)
(6424, 3799)
(6423, 3798)
(6422, 3797)
(6421, 3796)
(6420, 3795)
(6419, 3794)
(6418, 3793)
(6417, 3792)
(6416, 3791)
(6415, 3790)
(6414, 3789)
(6413, 3788)
(6412, 3787)
(6411, 3786)
(6410, 3785)
(6409, 3784)
(6408, 3783)
(6407, 3782)
(6406, 3781)
(6405, 3780)
(6404, 3779)
(6403, 3778)
(6402, 3777)
(6401, 3776)
(6400, 3775)
(6399, 3774)
(6398, 3773)
(6397, 3772)
(6396, 3771)
(6395, 3770)
(6394, 3769)
(6393, 3768)
(6392, 3767)
(6391, 3766)
(6390, 3766)
(6389, 3765)
(6388, 3764)
(6387, 3763)
(6388, 3762)
(6387, 3761)
(6386, 3760)
(6385, 3760)
(6386, 3759)
(6385, 3758)
(6385, 3757)
(6386, 3756)
(6386, 3755)
(6386, 3754)
(6386, 3753)
(6387, 3752)
(6386, 3751)
(6386, 3750)
(6386, 3749)
(6386, 3748)
(6387, 3747)
(6386, 3746)
(6385, 3745)
(6384, 3744)
(6384, 3743)
(6384, 3742)
(6385, 3742)
(6384, 3741)
(6383, 3740)
(6383, 3739)
(6382, 3738)
(6381, 3737)
(6380, 3736)
(6380, 3735)
(6379, 3734)
(6378, 3733)
(6378, 3732)
(6377, 3731)
(6376, 3730)
(6375, 3729)
(6374, 3729)
(6373, 3730)
(6372, 3731)
(6371, 3730)
(6370, 3729)
(6369, 3729)
(6368, 3729)
(6367, 3730)
(6366, 3730)
(6365, 3731)
(6364, 3730)
(6363, 3729)
(6362, 3728)
(6361, 3727)
(6360, 3726)
(6359, 3725)
(6358, 3725)
(6357, 3724)
(6356, 3724)
(6355, 3724)
(6354, 3723)
(6353, 3722)
(6352, 3721)
(6351, 3720)
(6350, 3719)
(6349, 3718)
(6348, 3717)
(6347, 3716)
(6346, 3715)
(6345, 3714)
(6344, 3713)
(6343, 3713)
(6342, 3712)
(6341, 3712)
(6340, 3712)
(6339, 3711)
(6338, 3710)
(6337, 3709)
(6336, 3708)
(6335, 3709)
(6334, 3708)
(6333, 3707)
(6332, 3706)
(6331, 3705)
(6330, 3704)
(6329, 3705)
(6328, 3704)
(6327, 3705)
(6326, 3706)
(6326, 3707)
(6325, 3708)
(6324, 3708)
(6323, 3708)
(6322, 3707)
(6321, 3706)
(6320, 3705)
(6319, 3704)
(6318, 3703)
(6317, 3702)
(6316, 3702)
(6315, 3702)
(6314, 3701)
(6313, 3700)
(6312, 3699)
(6311, 3698)
(6310, 3698)
(6309, 3698)
(6308, 3698)
(6307, 3698)
(6306, 3698)
(6305, 3698)
(6304, 3698)
(6303, 3698)
(6302, 3698)
(6301, 3697)
(6300, 3696)
(6299, 3695)
(6298, 3694)
(6297, 3693)
(6296, 3692)
(6295, 3693)
(6294, 3692)
(6293, 3692)
(6292, 3691)
(6291, 3690)
(6290, 3689)
(6289, 3688)
(6288, 3687)
(6287, 3688)
(6286, 3689)
(6285, 3689)
(6284, 3689)
(6284, 3690)
(6283, 3691)
(6282, 3691)
(6281, 3691)
(6280, 3690)
(6279, 3689)
(6278, 3688)
(6277, 3687)
(6276, 3686)
(6275, 3685)
(6274, 3684)
(6273, 3683)
(6272, 3683)
(6271, 3682)
(6270, 3681)
(6269, 3681)
(6268, 3680)
(6267, 3679)
(6266, 3678)
(6265, 3677)
(6264, 3676)
(6263, 3675)
(6262, 3674)
(6261, 3673)
(6260, 3672)
(6259, 3671)
(6258, 3670)
(6257, 3669)
(6256, 3668)
(6256, 3669)
(6255, 3670)
(6254, 3670)
(6253, 3671)
(6252, 3670)
(6251, 3669)
(6250, 3668)
(6249, 3667)
(6248, 3666)
(6247, 3665)
(6246, 3664)
(6245, 3663)
(6244, 3663)
(6243, 3663)
(6242, 3662)
(6241, 3662)
(6240, 3662)
(6239, 3662)
(6238, 3661)
(6237, 3661)
(6236, 3660)
(6235, 3659)
(6234, 3658)
(6233, 3657)
(6232, 3656)
(6232, 3655)
(6231, 3654)
(6230, 3653)
(6231, 3652)
(6231, 3651)
(6230, 3651)
(6229, 3650)
(6228, 3649)
(6227, 3648)
(6226, 3647)
(6226, 3646)
(6227, 3645)
(6227, 3646)
(6228, 3645)
(6229, 3644)
(6230, 3643)
(6229, 3642)
(6230, 3641)
(6229, 3640)
(6228, 3639)
(6227, 3638)
(6227, 3637)
(6226, 3636)
(6225, 3635)
(6224, 3634)
(6223, 3633)
(6222, 3632)
(6221, 3631)
(6220, 3630)
(6219, 3629)
(6218, 3628)
(6217, 3627)
(6216, 3627)
(6217, 3626)
(6217, 3625)
(6217, 3624)
(6216, 3623)
(6215, 3622)
(6214, 3621)
(6213, 3620)
(6212, 3619)
(6211, 3618)
(6210, 3617)
(6209, 3616)
(6208, 3615)
(6207, 3614)
(6206, 3613)
(6205, 3612)
(6204, 3611)
(6203, 3610)
(6202, 3609)
(6201, 3608)
(6200, 3608)
(6199, 3607)
(6198, 3606)
(6199, 3605)
(6199, 3604)
(6198, 3603)
(6197, 3602)
(6196, 3601)
(6195, 3600)
(6195, 3599)
(6194, 3598)
(6193, 3598)
(6192, 3597)
(6191, 3597)
(6190, 3596)
(6189, 3595)
(6188, 3595)
(6187, 3594)
(6186, 3593)
(6185, 3592)
(6184, 3591)
(6183, 3590)
(6182, 3589)
(6181, 3588)
(6180, 3587)
(6179, 3586)
(6178, 3585)
(6177, 3584)
(6176, 3583)
(6176, 3582)
(6175, 3581)
(6174, 3580)
(6173, 3579)
(6172, 3578)
(6171, 3577)
(6170, 3576)
(6169, 3576)
(6168, 3576)
(6167, 3575)
(6166, 3574)
(6165, 3573)
(6164, 3572)
(6163, 3571)
(6162, 3570)
(6161, 3569)
(6160, 3569)
(6159, 3568)
(6158, 3567)
(6157, 3567)
(6156, 3567)
(6155, 3566)
(6154, 3565)
(6153, 3565)
(6152, 3565)
(6151, 3564)
(6150, 3563)
(6149, 3564)
(6148, 3564)
(6147, 3564)
(6146, 3563)
(6145, 3563)
(6145, 3564)
(6144, 3565)
(6143, 3566)
(6142, 3565)
(6141, 3564)
(6140, 3563)
(6139, 3564)
(6138, 3563)
(6137, 3562)
(6136, 3561)
(6135, 3560)
(6134, 3559)
(6133, 3558)
(6132, 3557)
(6131, 3556)
(6130, 3555)
(6129, 3554)
(6128, 3553)
(6127, 3552)
(6126, 3551)
(6125, 3550)
(6124, 3549)
(6123, 3548)
(6122, 3547)
(6121, 3547)
(6120, 3546)
(6119, 3545)
(6118, 3544)
(6117, 3543)
(6116, 3542)
(6115, 3542)
(6114, 3542)
(6113, 3542)
(6112, 3541)
(6111, 3540)
(6110, 3539)
(6109, 3538)
(6108, 3537)
(6107, 3536)
(6106, 3535)
(6105, 3534)
(6104, 3533)
(6103, 3532)
(6102, 3531)
(6101, 3530)
(6100, 3529)
(6099, 3528)
(6098, 3527)
(6097, 3526)
(6096, 3526)
(6095, 3525)
(6094, 3524)
(6093, 3523)
(6092, 3522)
(6091, 3521)
(6090, 3520)
(6089, 3519)
(6089, 3518)
(6088, 3517)
(6087, 3516)
(6086, 3515)
(6085, 3514)
(6084, 3513)
(6083, 3512)
(6082, 3511)
(6081, 3510)
(6080, 3509)
(6079, 3508)
(6078, 3508)
(6077, 3507)
(6076, 3506)
(6075, 3506)
(6075, 3505)
(6075, 3504)
(6074, 3504)
(6074, 3503)
(6073, 3502)
(6072, 3502)
(6071, 3502)
(6070, 3502)
(6069, 3501)
(6068, 3500)
(6068, 3499)
(6068, 3498)
(6068, 3497)
(6067, 3496)
(6066, 3495)
(6065, 3494)
(6065, 3493)
(6065, 3492)
(6066, 3491)
(6066, 3490)
(6066, 3489)
(6067, 3488)
(6066, 3487)
(6065, 3486)
(6064, 3485)
(6063, 3484)
(6062, 3483)
(6061, 3482)
(6060, 3481)
(6060, 3480)
(6059, 3479)
(6058, 3479)
(6057, 3479)
(6056, 3478)
(6055, 3477)
(6054, 3477)
(6053, 3476)
(6052, 3475)
(6051, 3474)
(6050, 3473)
(6049, 3472)
(6048, 3471)
(6047, 3470)
(6046, 3469)
(6045, 3468)
(6044, 3467)
(6043, 3466)
(6042, 3465)
(6042, 3464)
(6042, 3463)
(6041, 3462)
(6040, 3462)
(6039, 3461)
(6038, 3460)
(6037, 3459)
(6036, 3458)
(6035, 3457)
(6034, 3456)
(6033, 3455)
(6032, 3455)
(6031, 3454)
(6030, 3454)
(6029, 3453)
(6028, 3452)
(6027, 3451)
(6026, 3451)
(6025, 3451)
(6024, 3451)
(6025, 3452)
(6024, 3453)
(6023, 3454)
(6022, 3453)
(6021, 3454)
(6020, 3455)
(6019, 3455)
(6018, 3455)
(6017, 3455)
(6016, 3454)
(6015, 3453)
(6014, 3452)
(6013, 3451)
(6012, 3451)
(6011, 3451)
(6011, 3452)
(6011, 3453)
(6010, 3454)
(6009, 3455)
(6008, 3454)
(6007, 3454)
(6007, 3455)
(6007, 3456)
(6006, 3457)
(6005, 3457)
(6004, 3457)
(6003, 3456)
(6002, 3455)
(6001, 3454)
(6000, 3455)
(6000, 3456)
(5999, 3455)
(5998, 3455)
(5997, 3454)
(5996, 3453)
(5995, 3452)
(5994, 3451)
(5993, 3450)
(5992, 3449)
(5991, 3450)
(5990, 3449)
(5989, 3448)
(5988, 3447)
(5987, 3446)
(5986, 3445)
(5985, 3444)
(5984, 3443)
(5983, 3442)
(5982, 3441)
(5981, 3440)
(5980, 3439)
(5979, 3439)
(5978, 3440)
(5977, 3439)
(5976, 3439)
(5975, 3438)
(5974, 3439)
(5973, 3438)
(5972, 3438)
(5971, 3437)
(5970, 3436)
(5970, 3435)
(5969, 3434)
(5968, 3433)
(5967, 3432)
(5966, 3431)
(5965, 3430)
(5964, 3429)
(5963, 3428)
(5962, 3427)
(5961, 3427)
(5960, 3426)
(5959, 3425)
(5958, 3424)
(5958, 3423)
(5957, 3422)
(5957, 3421)
(5958, 3420)
(5957, 3419)
(5956, 3418)
(5955, 3417)
(5954, 3417)
(5953, 3416)
(5952, 3416)
(5951, 3415)
(5950, 3414)
(5949, 3413)
(5948, 3412)
(5947, 3411)
(5946, 3412)
(5945, 3412)
(5944, 3412)
(5943, 3412)
(5942, 3412)
(5941, 3411)
(5940, 3410)
(5939, 3409)
(5938, 3408)
(5937, 3407)
(5936, 3406)
(5935, 3405)
(5934, 3405)
(5933, 3404)
(5932, 3404)
(5931, 3404)
(5930, 3404)
(5929, 3403)
(5928, 3403)
(5927, 3403)
(5926, 3403)
(5925, 3404)
(5924, 3404)
(5923, 3405)
(5922, 3405)
(5921, 3405)
(5920, 3405)
(5921, 3406)
(5920, 3407)
(5919, 3408)
(5918, 3408)
(5917, 3407)
(5916, 3407)
(5915, 3406)
(5914, 3405)
(5913, 3406)
(5912, 3405)
(5911, 3405)
(5910, 3406)
(5909, 3406)
(5909, 3407)
(5908, 3407)
(5907, 3408)
(5906, 3408)
(5905, 3409)
(5904, 3410)
(5903, 3410)
(5902, 3409)
(5901, 3408)
(5900, 3407)
(5899, 3406)
(5898, 3405)
(5897, 3404)
(5896, 3404)
(5895, 3405)
(5894, 3404)
(5894, 3405)
(5893, 3404)
(5892, 3403)
(5891, 3403)
(5890, 3404)
(5889, 3403)
(5888, 3403)
(5887, 3402)
(5886, 3401)
(5885, 3401)
(5884, 3400)
(5883, 3400)
(5882, 3399)
(5881, 3399)
(5880, 3400)
(5879, 3399)
(5878, 3398)
(5877, 3397)
(5876, 3397)
(5875, 3397)
(5874, 3397)
(5873, 3396)
(5872, 3395)
(5871, 3394)
(5870, 3393)
(5869, 3392)
(5868, 3392)
(5867, 3391)
(5866, 3390)
(5865, 3389)
(5864, 3388)
(5863, 3387)
(5862, 3387)
(5861, 3386)
(5860, 3385)
(5859, 3384)
(5858, 3383)
(5857, 3382)
(5856, 3381)
(5855, 3380)
(5854, 3379)
(5853, 3378)
(5852, 3377)
(5851, 3376)
(5850, 3375)
(5849, 3374)
(5848, 3373)
(5847, 3372)
(5846, 3371)
(5845, 3370)
(5844, 3369)
(5844, 3368)
(5843, 3367)
(5842, 3366)
(5842, 3365)
(5841, 3364)
(5840, 3363)
(5840, 3362)
(5839, 3361)
(5838, 3360)
(5837, 3359)
(5837, 3358)
(5836, 3357)
(5835, 3356)
(5834, 3356)
(5833, 3355)
(5832, 3354)
(5831, 3353)
(5830, 3353)
(5829, 3352)
(5828, 3351)
(5827, 3350)
(5826, 3349)
(5826, 3348)
(5825, 3347)
(5824, 3346)
(5823, 3345)
(5822, 3344)
(5822, 3343)
(5821, 3342)
(5820, 3341)
(5819, 3340)
(5818, 3339)
(5817, 3339)
(5816, 3339)
(5815, 3338)
(5814, 3339)
(5813, 3339)
(5812, 3338)
(5811, 3338)
(5810, 3337)
(5809, 3336)
(5808, 3335)
(5808, 3334)
(5808, 3333)
(5808, 3332)
(5807, 3331)
(5806, 3330)
(5805, 3329)
(5804, 3328)
(5803, 3328)
(5802, 3327)
(5801, 3326)
(5800, 3325)
(5799, 3325)
(5798, 3324)
(5797, 3324)
(5796, 3323)
(5795, 3322)
(5794, 3322)
(5793, 3322)
(5792, 3322)
(5791, 3322)
(5790, 3323)
(5789, 3322)
(5788, 3321)
(5787, 3320)
(5786, 3319)
(5785, 3318)
(5784, 3317)
(5783, 3316)
(5782, 3315)
(5781, 3314)
(5780, 3313)
(5779, 3312)
(5778, 3311)
(5777, 3310)
(5776, 3310)
(5775, 3309)
(5774, 3309)
(5773, 3309)
(5772, 3308)
(5771, 3307)
(5770, 3306)
(5769, 3306)
(5768, 3305)
(5767, 3305)
(5766, 3304)
(5765, 3303)
(5764, 3302)
(5763, 3302)
(5762, 3302)
(5761, 3302)
(5760, 3301)
(5759, 3300)
(5758, 3299)
(5757, 3298)
(5756, 3297)
(5755, 3296)
(5754, 3296)
(5753, 3295)
(5752, 3295)
(5751, 3294)
(5750, 3293)
(5749, 3294)
(5748, 3295)
(5747, 3296)
(5746, 3297)
(5745, 3298)
(5744, 3298)
(5743, 3298)
(5742, 3299)
(5741, 3299)
(5740, 3299)
(5739, 3299)
(5738, 3298)
(5737, 3297)
(5736, 3296)
(5735, 3295)
(5734, 3296)
(5733, 3295)
(5732, 3294)
(5731, 3293)
(5730, 3292)
(5729, 3291)
(5728, 3291)
(5727, 3291)
(5726, 3291)
(5725, 3292)
(5724, 3291)
(5723, 3291)
(5722, 3291)
(5721, 3291)
(5720, 3292)
(5719, 3293)
(5718, 3293)
(5717, 3293)
(5716, 3293)
(5716, 3294)
(5716, 3295)
(5715, 3296)
(5714, 3296)
(5713, 3296)
(5713, 3297)
(5713, 3298)
(5712, 3298)
(5713, 3299)
(5712, 3299)
(5711, 3300)
(5711, 3301)
(5711, 3302)
(5710, 3302)
(5709, 3303)
(5708, 3303)
(5708, 3304)
(5707, 3304)
(5706, 3304)
(5705, 3304)
(5704, 3304)
(5703, 3304)
(5702, 3305)
(5702, 3306)
(5702, 3307)
(5701, 3307)
(5701, 3308)
(5700, 3309)
(5699, 3310)
(5698, 3310)
(5697, 3311)
(5696, 3312)
(5695, 3312)
(5694, 3313)
(5694, 3314)
(5693, 3314)
(5692, 3313)
(5691, 3313)
(5690, 3312)
(5689, 3311)
(5688, 3310)
(5687, 3309)
(5686, 3308)
(5685, 3308)
(5684, 3307)
(5683, 3307)
(5682, 3307)
(5681, 3306)
(5680, 3306)
(5679, 3307)
(5678, 3307)
(5677, 3307)
(5677, 3308)
(5676, 3308)
(5675, 3308)
(5674, 3308)
(5673, 3307)
(5672, 3307)
(5671, 3306)
(5670, 3305)
(5669, 3304)
(5668, 3303)
(5667, 3302)
(5666, 3301)
(5665, 3300)
(5664, 3299)
(5663, 3299)
(5662, 3298)
(5661, 3297)
(5660, 3297)
(5659, 3298)
(5658, 3299)
(5657, 3300)
(5656, 3300)
(5655, 3301)
(5654, 3302)
(5653, 3303)
(5652, 3304)
(5651, 3305)
(5650, 3306)
(5649, 3307)
(5648, 3307)
(5647, 3307)
(5646, 3307)
(5645, 3306)
(5644, 3305)
(5643, 3305)
(5642, 3305)
(5641, 3304)
(5640, 3304)
(5639, 3304)
(5638, 3303)
(5637, 3302)
(5636, 3301)
(5635, 3300)
(5634, 3300)
(5633, 3300)
(5632, 3299)
(5631, 3300)
(5630, 3299)
(5629, 3298)
(5628, 3298)
(5627, 3298)
(5626, 3297)
(5625, 3296)
(5624, 3296)
(5623, 3295)
(5622, 3294)
(5621, 3293)
(5620, 3294)
(5619, 3294)
(5618, 3294)
(5617, 3294)
(5616, 3293)
(5615, 3293)
(5614, 3293)
(5613, 3293)
(5612, 3292)
(5611, 3291)
(5610, 3290)
(5609, 3289)
(5608, 3288)
(5607, 3288)
(5606, 3287)
(5605, 3286)
(5604, 3285)
(5603, 3284)
(5602, 3283)
(5601, 3282)
(5600, 3282)
(5599, 3282)
(5598, 3282)
(5597, 3281)
(5596, 3280)
(5595, 3279)
(5594, 3278)
(5593, 3277)
(5592, 3276)
(5591, 3275)
(5590, 3274)
(5589, 3273)
(5588, 3272)
(5587, 3271)
(5586, 3270)
(5585, 3269)
(5584, 3268)
(5583, 3267)
(5582, 3266)
(5581, 3265)
(5580, 3264)
(5579, 3263)
(5578, 3262)
(5577, 3261)
(5576, 3261)
(5575, 3260)
(5574, 3259)
(5573, 3259)
(5572, 3259)
(5571, 3258)
(5570, 3257)
(5569, 3256)
(5568, 3255)
(5568, 3254)
(5567, 3253)
(5566, 3252)
(5565, 3252)
(5566, 3251)
(5565, 3250)
(5564, 3249)
(5563, 3249)
(5562, 3249)
(5561, 3249)
(5560, 3248)
(5559, 3247)
(5558, 3247)
(5557, 3246)
(5556, 3245)
(5555, 3244)
(5554, 3243)
(5553, 3242)
(5552, 3241)
(5551, 3240)
(5550, 3239)
(5549, 3238)
(5548, 3237)
(5547, 3236)
(5546, 3235)
(5545, 3234)
(5544, 3233)
(5543, 3232)
(5542, 3231)
(5541, 3230)
(5540, 3229)
(5539, 3228)
(5538, 3227)
(5537, 3226)
(5536, 3225)
(5535, 3224)
(5534, 3223)
(5533, 3222)
(5532, 3222)
(5531, 3221)
(5530, 3221)
(5531, 3220)
(5530, 3219)
(5529, 3218)
(5528, 3217)
(5527, 3216)
(5526, 3215)
(5526, 3214)
(5525, 3213)
(5524, 3212)
(5524, 3211)
(5524, 3210)
(5524, 3209)
(5523, 3208)
(5522, 3207)
(5521, 3206)
(5520, 3205)
(5519, 3205)
(5518, 3204)
(5517, 3203)
(5516, 3202)
(5515, 3201)
(5514, 3200)
(5513, 3199)
(5512, 3200)
(5511, 3200)
(5510, 3200)
(5509, 3199)
(5508, 3198)
(5507, 3197)
(5506, 3196)
(5505, 3195)
(5504, 3194)
(5503, 3193)
(5502, 3192)
(5501, 3192)
(5500, 3191)
(5499, 3190)
(5498, 3189)
(5497, 3188)
(5496, 3188)
(5495, 3188)
(5494, 3188)
(5493, 3188)
(5492, 3188)
(5491, 3188)
(5490, 3188)
(5489, 3188)
(5488, 3188)
(5487, 3187)
(5486, 3186)
(5485, 3185)
(5484, 3185)
(5483, 3185)
(5482, 3184)
(5481, 3183)
(5480, 3182)
(5479, 3181)
(5478, 3180)
(5477, 3179)
(5476, 3178)
(5475, 3177)
(5474, 3176)
(5473, 3175)
(5472, 3174)
(5471, 3174)
(5470, 3173)
(5469, 3172)
(5468, 3171)
(5467, 3170)
(5466, 3171)
(5465, 3170)
(5464, 3169)
(5463, 3168)
(5462, 3168)
(5461, 3168)
(5460, 3167)
(5459, 3166)
(5458, 3165)
(5457, 3164)
(5456, 3163)
(5455, 3162)
(5454, 3161)
(5453, 3160)
(5452, 3159)
(5451, 3159)
(5450, 3158)
(5449, 3157)
(5448, 3156)
(5447, 3155)
(5446, 3154)
(5445, 3153)
(5444, 3154)
(5443, 3154)
(5442, 3153)
(5441, 3153)
(5440, 3154)
(5439, 3153)
(5438, 3152)
(5437, 3151)
(5436, 3151)
(5435, 3150)
(5434, 3149)
(5433, 3148)
(5432, 3147)
(5431, 3146)
(5430, 3146)
(5429, 3145)
(5428, 3145)
(5427, 3144)
(5426, 3143)
(5425, 3142)
(5424, 3142)
(5423, 3143)
(5422, 3143)
(5421, 3143)
(5420, 3144)
(5419, 3145)
(5418, 3145)
(5417, 3145)
(5416, 3145)
(5416, 3146)
(5417, 3147)
(5416, 3148)
(5415, 3148)
(5414, 3149)
(5413, 3150)
(5412, 3149)
(5411, 3148)
(5410, 3147)
(5409, 3146)
(5408, 3146)
(5407, 3145)
(5406, 3145)
(5405, 3144)
(5404, 3143)
(5403, 3142)
(5402, 3143)
(5401, 3143)
(5400, 3144)
(5399, 3145)
(5399, 3146)
(5398, 3146)
(5397, 3146)
(5396, 3147)
(5395, 3147)
(5394, 3148)
(5393, 3149)
(5392, 3149)
(5391, 3148)
(5390, 3147)
(5389, 3146)
(5388, 3145)
(5387, 3144)
(5386, 3143)
(5385, 3142)
(5384, 3141)
(5383, 3141)
(5382, 3142)
(5381, 3141)
(5380, 3140)
(5379, 3141)
(5378, 3140)
(5377, 3139)
(5376, 3138)
(5375, 3139)
(5374, 3139)
(5373, 3138)
(5372, 3137)
(5371, 3136)
(5370, 3136)
(5369, 3137)
(5368, 3138)
(5368, 3139)
(5367, 3140)
(5367, 3141)
(5367, 3142)
(5366, 3143)
(5365, 3143)
(5364, 3143)
(5364, 3144)
(5364, 3145)
(5363, 3145)
(5362, 3146)
(5361, 3146)
(5360, 3146)
(5359, 3146)
(5358, 3146)
(5357, 3146)
(5356, 3146)
(5356, 3147)
(5355, 3147)
(5354, 3148)
(5354, 3149)
(5354, 3150)
(5353, 3151)
(5352, 3152)
(5351, 3152)
(5350, 3151)
(5349, 3152)
(5348, 3152)
(5347, 3152)
(5347, 3153)
(5346, 3152)
(5345, 3151)
(5344, 3150)
(5343, 3150)
(5342, 3149)
(5341, 3148)
(5340, 3148)
(5339, 3148)
(5338, 3149)
(5337, 3149)
(5337, 3150)
(5337, 3151)
(5337, 3152)
(5337, 3153)
(5337, 3154)
(5336, 3155)
(5335, 3156)
(5335, 3157)
(5334, 3158)
(5333, 3158)
(5332, 3158)
(5331, 3159)
(5330, 3160)
(5329, 3160)
(5328, 3159)
(5327, 3158)
(5326, 3158)
(5326, 3159)
(5325, 3159)
(5324, 3158)
(5323, 3157)
(5322, 3158)
(5321, 3157)
(5320, 3156)
(5319, 3155)
(5318, 3154)
(5317, 3153)
(5316, 3152)
(5315, 3152)
(5314, 3153)
(5313, 3153)
(5312, 3153)
(5311, 3153)
(5310, 3152)
(5309, 3152)
(5308, 3152)
(5308, 3153)
(5307, 3154)
(5306, 3154)
(5305, 3153)
(5304, 3153)
(5303, 3152)
(5302, 3152)
(5301, 3151)
(5300, 3150)
(5299, 3149)
(5298, 3148)
(5297, 3147)
(5296, 3146)
(5295, 3145)
(5294, 3144)
(5293, 3143)
(5292, 3143)
(5291, 3143)
(5290, 3143)
(5290, 3144)
(5289, 3144)
(5288, 3144)
(5287, 3143)
(5286, 3142)
(5285, 3141)
(5284, 3140)
(5283, 3139)
(5282, 3139)
(5281, 3139)
(5280, 3139)
(5280, 3140)
(5279, 3141)
(5279, 3142)
(5278, 3143)
(5279, 3143)
(5279, 3144)
(5279, 3145)
(5278, 3145)
(5278, 3146)
(5277, 3146)
(5276, 3146)
(5275, 3146)
(5274, 3146)
(5273, 3145)
(5272, 3145)
(5271, 3145)
(5270, 3145)
(5269, 3145)
(5268, 3145)
(5267, 3145)
(5266, 3146)
(5265, 3146)
(5264, 3146)
(5265, 3147)
(5264, 3147)
(5263, 3147)
(5262, 3148)
(5261, 3149)
(5260, 3149)
(5259, 3149)
(5259, 3150)
(5258, 3150)
(5259, 3151)
(5259, 3152)
(5258, 3152)
(5257, 3152)
(5256, 3153)
(5255, 3152)
(5254, 3151)
(5253, 3152)
(5252, 3152)
(5251, 3151)
(5250, 3150)
(5249, 3149)
(5248, 3149)
(5247, 3148)
(5246, 3149)
(5245, 3149)
(5245, 3150)
(5246, 3150)
(5246, 3151)
(5245, 3152)
(5244, 3153)
(5243, 3153)
(5242, 3154)
(5241, 3155)
(5240, 3154)
(5239, 3154)
(5238, 3155)
(5237, 3155)
(5236, 3154)
(5235, 3154)
(5235, 3155)
(5234, 3156)
(5233, 3157)
(5232, 3157)
(5231, 3157)
(5230, 3156)
(5229, 3155)
(5228, 3154)
(5227, 3153)
(5226, 3153)
(5225, 3152)
(5224, 3151)
(5223, 3150)
(5222, 3149)
(5223, 3148)
(5222, 3147)
(5223, 3146)
(5224, 3145)
(5223, 3144)
(5222, 3143)
(5221, 3142)
(5220, 3141)
(5219, 3140)
(5218, 3139)
(5217, 3138)
(5216, 3137)
(5215, 3136)
(5214, 3135)
(5213, 3134)
(5212, 3133)
(5211, 3132)
(5211, 3131)
(5210, 3130)
(5211, 3129)
(5210, 3128)
(5209, 3127)
(5208, 3126)
(5207, 3125)
(5206, 3124)
(5206, 3123)
(5205, 3122)
(5204, 3122)
(5203, 3123)
(5202, 3124)
(5201, 3123)
(5200, 3124)
(5199, 3123)
(5198, 3122)
(5197, 3121)
(5196, 3120)
(5195, 3119)
(5194, 3118)
(5193, 3117)
(5194, 3116)
(5193, 3115)
(5192, 3114)
(5191, 3113)
(5190, 3112)
(5189, 3111)
(5188, 3110)
(5187, 3109)
(5187, 3108)
(5186, 3107)
(5187, 3106)
(5187, 3105)
(5186, 3104)
(5185, 3103)
(5184, 3102)
(5183, 3101)
(5182, 3100)
(5181, 3099)
(5180, 3098)
(5179, 3097)
(5178, 3097)
(5177, 3096)
(5176, 3096)
(5175, 3095)
(5174, 3094)
(5173, 3093)
(5173, 3092)
(5172, 3091)
(5171, 3090)
(5170, 3089)
(5170, 3088)
(5169, 3087)
(5168, 3086)
(5167, 3085)
(5166, 3084)
(5165, 3083)
(5164, 3082)
(5163, 3081)
(5162, 3080)
(5161, 3079)
(5162, 3078)
(5163, 3077)
(5162, 3076)
(5161, 3075)
(5161, 3074)
(5160, 3073)
(5159, 3072)
(5158, 3071)
(5157, 3070)
(5156, 3069)
(5155, 3068)
(5154, 3067)
(5153, 3066)
(5152, 3065)
(5151, 3064)
(5150, 3063)
(5149, 3062)
(5148, 3061)
(5147, 3060)
(5146, 3059)
(5145, 3058)
(5144, 3057)
(5143, 3056)
(5142, 3055)
(5141, 3054)
(5140, 3053)
(5139, 3052)
(5138, 3051)
(5137, 3050)
(5136, 3049)
(5135, 3048)
(5134, 3047)
(5133, 3046)
(5132, 3046)
(5131, 3045)
(5130, 3044)
(5129, 3043)
(5128, 3042)
(5127, 3041)
(5126, 3040)
(5127, 3039)
(5126, 3038)
(5126, 3037)
(5125, 3037)
(5126, 3036)
(5125, 3036)
(5126, 3035)
(5125, 3034)
(5124, 3034)
(5124, 3033)
(5123, 3032)
(5123, 3031)
(5122, 3031)
(5123, 3030)
(5123, 3029)
(5123, 3028)
(5123, 3027)
(5122, 3027)
(5123, 3026)
(5122, 3025)
(5121, 3025)
(5122, 3024)
(5122, 3023)
(5122, 3022)
(5123, 3021)
(5123, 3020)
(5123, 3019)
(5122, 3018)
(5121, 3018)
(5120, 3017)
(5119, 3016)
(5118, 3015)
(5117, 3015)
(5116, 3014)
(5117, 3013)
(5118, 3012)
(5119, 3011)
(5119, 3010)
(5118, 3010)
(5117, 3010)
(5116, 3009)
(5115, 3008)
(5116, 3007)
(5117, 3006)
(5116, 3005)
(5115, 3004)
(5115, 3003)
(5115, 3002)
(5115, 3001)
(5114, 3000)
(5113, 3000)
(5112, 2999)
(5111, 2998)
(5110, 2998)
(5109, 2997)
(5108, 2996)
(5107, 2995)
(5106, 2994)
(5105, 2993)
(5105, 2992)
(5105, 2991)
(5104, 2990)
(5104, 2989)
(5104, 2988)
(5105, 2987)
(5106, 2987)
(5106, 2986)
(5106, 2985)
(5106, 2984)
(5107, 2983)
(5108, 2982)
(5108, 2981)
(5109, 2980)
(5108, 2979)
(5108, 2978)
(5108, 2977)
(5109, 2976)
(5109, 2975)
(5108, 2974)
(5107, 2973)
(5106, 2973)
(5105, 2973)
(5106, 2972)
(5106, 2971)
(5105, 2970)
(5104, 2969)
(5103, 2968)
(5102, 2967)
(5101, 2966)
(5100, 2965)
(5099, 2964)
(5098, 2963)
(5097, 2962)
(5096, 2961)
(5095, 2960)
(5094, 2960)
(5093, 2959)
(5092, 2958)
(5091, 2957)
(5090, 2956)
(5089, 2956)
(5088, 2955)
(5087, 2955)
(5086, 2954)
(5085, 2954)
(5084, 2953)
(5083, 2952)
(5082, 2951)
(5081, 2950)
(5080, 2949)
(5079, 2949)
(5078, 2948)
(5077, 2947)
(5076, 2946)
(5075, 2946)
(5074, 2945)
(5073, 2944)
(5072, 2943)
(5071, 2943)
(5070, 2943)
(5069, 2942)
(5068, 2941)
(5067, 2941)
(5066, 2940)
(5065, 2939)
(5064, 2939)
(5063, 2939)
(5062, 2939)
(5061, 2939)
(5060, 2938)
(5059, 2937)
(5058, 2936)
(5057, 2935)
(5056, 2934)
(5055, 2933)
(5054, 2932)
(5053, 2932)
(5052, 2931)
(5051, 2930)
(5050, 2929)
(5049, 2928)
(5048, 2927)
(5047, 2926)
(5046, 2926)
(5045, 2926)
(5044, 2925)
(5043, 2924)
(5042, 2925)
(5041, 2926)
(5040, 2926)
(5039, 2925)
(5038, 2924)
(5037, 2923)
(5036, 2924)
(5035, 2924)
(5034, 2923)
(5033, 2922)
(5032, 2921)
(5031, 2921)
(5030, 2920)
(5029, 2919)
(5028, 2918)
(5027, 2917)
(5026, 2917)
(5025, 2916)
(5024, 2915)
(5023, 2915)
(5022, 2914)
(5021, 2913)
(5020, 2912)
(5019, 2912)
(5018, 2912)
(5017, 2911)
(5016, 2911)
(5015, 2910)
(5014, 2909)
(5013, 2909)
(5012, 2908)
(5011, 2907)
(5010, 2907)
(5009, 2906)
(5008, 2905)
(5007, 2905)
(5006, 2904)
(5005, 2904)
(5004, 2904)
(5003, 2904)
(5002, 2904)
(5001, 2903)
(5000, 2903)
(4999, 2902)
(4998, 2902)
(4997, 2902)
(4997, 2903)
(4996, 2903)
(4995, 2903)
(4995, 2904)
(4994, 2904)
(4993, 2905)
(4992, 2904)
(4991, 2905)
(4990, 2905)
(4990, 2906)
(4989, 2906)
(4988, 2905)
(4987, 2904)
(4986, 2904)
(4985, 2904)
(4984, 2904)
(4983, 2904)
(4982, 2903)
(4981, 2902)
(4980, 2901)
(4979, 2900)
(4978, 2899)
(4977, 2898)
(4976, 2897)
(4975, 2896)
(4974, 2895)
(4973, 2894)
(4972, 2893)
(4971, 2892)
(4970, 2891)
(4969, 2891)
(4968, 2891)
(4967, 2891)
(4966, 2891)
(4965, 2891)
(4964, 2892)
(4963, 2893)
(4962, 2893)
(4962, 2894)
(4962, 2895)
(4961, 2896)
(4961, 2897)
(4961, 2898)
(4961, 2899)
(4960, 2900)
(4960, 2901)
(4959, 2901)
(4959, 2902)
(4959, 2903)
(4958, 2902)
(4957, 2902)
(4956, 2902)
(4955, 2901)
(4954, 2901)
(4953, 2900)
(4952, 2899)
(4951, 2898)
(4950, 2897)
(4949, 2897)
(4948, 2898)
(4947, 2899)
(4946, 2900)
(4945, 2900)
(4944, 2901)
(4943, 2901)
(4942, 2901)
(4941, 2900)
(4940, 2899)
(4939, 2900)
(4938, 2899)
(4937, 2899)
(4936, 2898)
(4935, 2899)
(4934, 2899)
(4933, 2900)
(4932, 2901)
(4931, 2902)
(4930, 2903)
(4929, 2902)
(4928, 2902)
(4927, 2901)
(4926, 2901)
(4925, 2900)
(4924, 2899)
(4923, 2898)
(4922, 2897)
(4921, 2896)
(4920, 2895)
(4919, 2896)
(4919, 2897)
(4919, 2898)
(4918, 2898)
(4917, 2898)
(4916, 2899)
(4915, 2898)
(4914, 2897)
(4913, 2897)
(4912, 2896)
(4911, 2895)
(4910, 2894)
(4909, 2895)
(4908, 2894)
(4907, 2893)
(4906, 2892)
(4905, 2891)
(4904, 2890)
(4903, 2889)
(4902, 2888)
(4901, 2887)
(4900, 2888)
(4899, 2888)
(4898, 2888)
(4897, 2887)
(4896, 2886)
(4895, 2885)
(4894, 2884)
(4893, 2883)
(4892, 2882)
(4891, 2881)
(4890, 2880)
(4889, 2880)
(4888, 2879)
(4887, 2878)
(4886, 2879)
(4885, 2878)
(4884, 2877)
(4883, 2876)
(4882, 2875)
(4881, 2874)
(4880, 2873)
(4879, 2872)
(4878, 2871)
(4877, 2870)
(4876, 2869)
(4875, 2868)
(4874, 2867)
(4873, 2866)
(4872, 2865)
(4871, 2864)
(4870, 2863)
(4869, 2864)
(4868, 2863)
(4867, 2862)
(4866, 2861)
(4865, 2860)
(4864, 2859)
(4863, 2859)
(4862, 2859)
(4861, 2859)
(4861, 2860)
(4860, 2861)
(4859, 2862)
(4858, 2862)
(4857, 2863)
(4857, 2864)
(4856, 2864)
(4855, 2865)
(4854, 2865)
(4853, 2866)
(4852, 2866)
(4851, 2865)
(4850, 2864)
(4849, 2863)
(4848, 2863)
(4847, 2862)
(4846, 2861)
(4845, 2860)
(4844, 2859)
(4843, 2859)
(4842, 2858)
(4841, 2857)
(4840, 2856)
(4839, 2856)
(4838, 2855)
(4837, 2854)
(4836, 2853)
(4835, 2852)
(4834, 2851)
(4833, 2850)
(4832, 2849)
(4831, 2848)
(4830, 2847)
(4829, 2846)
(4828, 2845)
(4827, 2844)
(4826, 2843)
(4825, 2842)
(4824, 2841)
(4823, 2840)
(4822, 2839)
(4821, 2838)
(4820, 2837)
(4819, 2836)
(4818, 2835)
(4817, 2834)
(4816, 2834)
(4815, 2834)
(4814, 2833)
(4813, 2833)
(4812, 2832)
(4811, 2832)
(4810, 2832)
(4809, 2832)
(4808, 2832)
(4807, 2831)
(4806, 2831)
(4805, 2832)
(4804, 2833)
(4803, 2834)
(4802, 2835)
(4801, 2834)
(4800, 2835)
(4799, 2834)
(4798, 2834)
(4797, 2833)
(4796, 2834)
(4796, 2835)
(4795, 2836)
(4794, 2837)
(4793, 2838)
(4792, 2839)
(4791, 2839)
(4791, 2840)
(4792, 2841)
(4791, 2842)
(4790, 2843)
(4790, 2844)
(4789, 2845)
(4788, 2846)
(4788, 2847)
(4788, 2848)
(4789, 2848)
(4789, 2849)
(4788, 2850)
(4787, 2851)
(4786, 2852)
(4785, 2852)
(4784, 2853)
(4783, 2853)
(4782, 2853)
(4781, 2852)
(4780, 2852)
(4779, 2852)
(4778, 2853)
(4778, 2854)
(4777, 2854)
(4776, 2854)
(4775, 2855)
(4774, 2855)
(4773, 2854)
(4772, 2853)
(4771, 2852)
(4770, 2852)
(4769, 2853)
(4768, 2853)
(4767, 2853)
(4766, 2854)
(4765, 2854)
(4764, 2854)
(4763, 2853)
(4762, 2853)
(4761, 2852)
(4760, 2852)
(4759, 2852)
(4758, 2852)
(4757, 2851)
(4756, 2850)
(4755, 2850)
(4755, 2851)
(4755, 2852)
(4754, 2853)
(4753, 2854)
(4752, 2854)
(4751, 2854)
(4750, 2854)
(4749, 2854)
(4748, 2854)
(4747, 2853)
(4746, 2852)
(4745, 2852)
(4744, 2851)
(4743, 2852)
(4742, 2851)
(4741, 2850)
(4740, 2849)
(4739, 2848)
(4738, 2847)
(4737, 2847)
(4736, 2847)
(4735, 2847)
(4734, 2846)
(4733, 2845)
(4732, 2844)
(4731, 2843)
(4730, 2842)
(4729, 2841)
(4728, 2840)
(4727, 2839)
(4726, 2838)
(4725, 2838)
(4724, 2838)
(4723, 2839)
(4722, 2840)
(4721, 2839)
(4720, 2839)
(4719, 2838)
(4718, 2839)
(4717, 2840)
(4716, 2840)
(4715, 2839)
(4714, 2838)
(4713, 2837)
(4712, 2836)
(4711, 2836)
(4710, 2835)
(4709, 2836)
(4708, 2837)
(4707, 2837)
(4706, 2837)
(4705, 2837)
(4704, 2837)
(4703, 2838)
(4702, 2837)
(4701, 2837)
(4700, 2837)
(4699, 2837)
(4698, 2837)
(4697, 2836)
(4696, 2835)
(4695, 2834)
(4694, 2833)
(4693, 2832)
(4692, 2831)
(4691, 2831)
(4690, 2830)
(4689, 2829)
(4688, 2828)
(4687, 2827)
(4686, 2827)
(4685, 2827)
(4684, 2826)
(4683, 2825)
(4682, 2824)
(4681, 2823)
(4680, 2822)
(4679, 2821)
(4678, 2820)
(4677, 2819)
(4676, 2819)
(4675, 2820)
(4674, 2820)
(4673, 2820)
(4672, 2819)
(4671, 2818)
(4670, 2819)
(4669, 2818)
(4668, 2817)
(4667, 2816)
(4666, 2815)
(4665, 2814)
(4664, 2815)
(4663, 2814)
(4662, 2813)
(4661, 2814)
(4660, 2813)
(4659, 2812)
(4658, 2811)
(4657, 2810)
(4657, 2811)
(4656, 2812)
(4655, 2812)
(4655, 2813)
(4654, 2814)
(4653, 2814)
(4652, 2814)
(4653, 2815)
(4652, 2816)
(4651, 2816)
(4650, 2816)
(4649, 2815)
(4648, 2815)
(4647, 2814)
(4646, 2813)
(4645, 2814)
(4644, 2813)
(4643, 2812)
(4642, 2811)
(4641, 2810)
(4640, 2809)
(4639, 2808)
(4638, 2807)
(4637, 2806)
(4636, 2805)
(4635, 2804)
(4634, 2803)
(4633, 2802)
(4632, 2801)
(4631, 2800)
(4630, 2800)
(4630, 2801)
(4629, 2802)
(4628, 2803)
(4627, 2804)
(4626, 2803)
(4625, 2802)
(4624, 2801)
(4623, 2800)
(4622, 2800)
(4621, 2799)
(4620, 2798)
(4619, 2798)
(4618, 2798)
(4617, 2799)
(4616, 2798)
(4615, 2797)
(4614, 2796)
(4613, 2795)
(4612, 2794)
(4611, 2793)
(4610, 2793)
(4609, 2793)
(4608, 2793)
(4607, 2794)
(4606, 2794)
(4605, 2794)
(4604, 2793)
(4603, 2792)
(4602, 2791)
(4601, 2790)
(4600, 2789)
(4599, 2788)
(4598, 2787)
(4597, 2787)
(4596, 2787)
(4595, 2786)
(4594, 2787)
(4593, 2787)
(4592, 2787)
(4591, 2786)
(4590, 2785)
(4589, 2786)
(4588, 2787)
(4587, 2787)
(4586, 2787)
(4585, 2787)
(4584, 2788)
(4583, 2788)
(4582, 2789)
(4581, 2789)
(4580, 2789)
(4579, 2789)
(4578, 2788)
(4577, 2788)
(4576, 2789)
(4575, 2789)
(4574, 2790)
(4573, 2789)
(4572, 2789)
(4571, 2789)
(4570, 2789)
(4569, 2789)
(4568, 2789)
(4567, 2790)
(4566, 2791)
(4565, 2790)
(4564, 2789)
(4563, 2788)
(4562, 2789)
(4561, 2789)
(4560, 2790)
(4559, 2789)
(4558, 2789)
(4557, 2788)
(4556, 2788)
(4555, 2787)
(4554, 2786)
(4553, 2785)
(4552, 2784)
(4551, 2783)
(4550, 2784)
(4549, 2785)
(4548, 2784)
(4547, 2784)
(4546, 2784)
(4545, 2784)
(4544, 2784)
(4543, 2784)
(4543, 2785)
(4542, 2786)
(4542, 2787)
(4541, 2786)
(4540, 2785)
(4539, 2784)
(4538, 2784)
(4537, 2783)
(4536, 2782)
(4535, 2781)
(4534, 2780)
(4533, 2781)
(4532, 2780)
(4531, 2780)
(4530, 2780)
(4529, 2780)
(4528, 2780)
(4527, 2780)
(4526, 2780)
(4525, 2780)
(4524, 2780)
(4523, 2779)
(4522, 2778)
(4521, 2777)
(4520, 2776)
(4519, 2775)
(4518, 2774)
(4517, 2773)
(4516, 2774)
(4515, 2773)
(4514, 2772)
(4513, 2772)
(4512, 2771)
(4511, 2770)
(4510, 2769)
(4509, 2768)
(4508, 2769)
(4507, 2768)
(4506, 2767)
(4505, 2766)
(4504, 2765)
(4503, 2764)
(4502, 2763)
(4501, 2762)
(4500, 2761)
(4499, 2760)
(4498, 2759)
(4497, 2758)
(4496, 2757)
(4495, 2756)
(4494, 2755)
(4493, 2754)
(4492, 2753)
(4491, 2754)
(4490, 2753)
(4489, 2752)
(4488, 2751)
(4487, 2752)
(4486, 2752)
(4485, 2752)
(4484, 2752)
(4483, 2752)
(4482, 2751)
(4481, 2750)
(4480, 2749)
(4479, 2749)
(4478, 2748)
(4477, 2747)
(4476, 2747)
(4475, 2748)
(4474, 2747)
(4473, 2747)
(4472, 2747)
(4471, 2746)
(4470, 2745)
(4469, 2744)
(4468, 2743)
(4467, 2742)
(4466, 2743)
(4465, 2743)
(4464, 2743)
(4463, 2744)
(4462, 2744)
(4461, 2744)
(4461, 2745)
(4462, 2745)
(4462, 2746)
(4461, 2747)
(4460, 2747)
(4459, 2748)
(4458, 2748)
(4457, 2747)
(4456, 2746)
(4455, 2745)
(4454, 2744)
(4453, 2743)
(4452, 2742)
(4451, 2741)
(4450, 2740)
(4449, 2740)
(4448, 2740)
(4447, 2740)
(4446, 2740)
(4445, 2740)
(4444, 2740)
(4443, 2740)
(4442, 2741)
(4441, 2742)
(4440, 2741)
(4439, 2741)
(4438, 2740)
(4437, 2739)
(4436, 2738)
(4435, 2737)
(4434, 2736)
(4433, 2735)
(4432, 2734)
(4431, 2733)
(4430, 2732)
(4429, 2732)
(4428, 2733)
(4427, 2734)
(4426, 2734)
(4425, 2735)
(4424, 2735)
(4424, 2736)
(4423, 2737)
(4422, 2738)
(4421, 2737)
(4420, 2738)
(4419, 2738)
(4418, 2739)
(4417, 2740)
(4416, 2741)
(4415, 2740)
(4414, 2739)
(4413, 2739)
(4412, 2738)
(4411, 2737)
(4410, 2736)
(4409, 2735)
(4408, 2735)
(4407, 2734)
(4406, 2733)
(4405, 2732)
(4404, 2731)
(4403, 2730)
(4402, 2729)
(4401, 2728)
(4400, 2727)
(4400, 2728)
(4399, 2729)
(4398, 2729)
(4397, 2729)
(4396, 2729)
(4395, 2729)
(4394, 2729)
(4393, 2730)
(4392, 2730)
(4391, 2731)
(4390, 2731)
(4389, 2730)
(4388, 2729)
(4387, 2729)
(4386, 2728)
(4385, 2727)
(4384, 2726)
(4383, 2725)
(4382, 2724)
(4381, 2723)
(4380, 2722)
(4379, 2721)
(4378, 2720)
(4377, 2719)
(4376, 2719)
(4375, 2718)
(4374, 2717)
(4373, 2716)
(4372, 2715)
(4371, 2714)
(4370, 2713)
(4369, 2712)
(4368, 2711)
(4367, 2710)
(4366, 2709)
(4365, 2708)
(4364, 2707)
(4363, 2706)
(4362, 2706)
(4361, 2705)
(4360, 2704)
(4359, 2703)
(4358, 2702)
(4357, 2701)
(4356, 2700)
(4355, 2699)
(4354, 2698)
(4353, 2697)
(4352, 2696)
(4351, 2695)
(4350, 2694)
(4349, 2693)
(4348, 2692)
(4348, 2691)
(4347, 2690)
(4347, 2689)
(4346, 2688)
(4345, 2687)
(4345, 2686)
(4344, 2685)
(4343, 2684)
(4343, 2683)
(4343, 2682)
(4342, 2681)
(4341, 2680)
(4340, 2679)
(4339, 2678)
(4338, 2677)
(4337, 2676)
(4336, 2675)
(4335, 2674)
(4334, 2673)
(4333, 2672)
(4332, 2671)
(4331, 2670)
(4330, 2669)
(4329, 2668)
(4328, 2668)
(4327, 2667)
(4327, 2666)
(4326, 2665)
(4325, 2664)
(4324, 2663)
(4323, 2662)
(4322, 2661)
(4321, 2660)
(4320, 2659)
(4319, 2658)
(4318, 2657)
(4317, 2656)
(4316, 2655)
(4315, 2654)
(4314, 2653)
(4313, 2652)
(4312, 2651)
(4311, 2651)
(4310, 2651)
(4309, 2650)
(4308, 2651)
(4307, 2650)
(4306, 2649)
(4305, 2648)
(4304, 2647)
(4303, 2647)
(4302, 2646)
(4301, 2645)
(4300, 2644)
(4299, 2643)
(4298, 2642)
(4297, 2641)
(4297, 2640)
(4296, 2639)
(4295, 2638)
(4294, 2637)
(4293, 2636)
(4292, 2635)
(4291, 2634)
(4290, 2633)
(4289, 2632)
(4288, 2631)
(4287, 2631)
(4286, 2631)
(4285, 2630)
(4284, 2629)
(4283, 2629)
(4282, 2628)
(4281, 2627)
(4280, 2626)
(4279, 2625)
(4278, 2624)
(4277, 2623)
(4276, 2622)
(4275, 2621)
(4274, 2620)
(4273, 2619)
(4272, 2618)
(4271, 2617)
(4270, 2616)
(4269, 2615)
(4268, 2614)
(4267, 2613)
(4268, 2612)
(4267, 2611)
(4266, 2610)
(4265, 2609)
(4264, 2610)
(4263, 2609)
(4262, 2608)
(4261, 2607)
(4260, 2606)
(4259, 2605)
(4258, 2605)
(4257, 2604)
(4256, 2603)
(4255, 2602)
(4254, 2601)
(4253, 2600)
(4252, 2600)
(4251, 2599)
(4250, 2598)
(4249, 2597)
(4248, 2596)
(4247, 2595)
(4246, 2595)
(4245, 2595)
(4244, 2594)
(4243, 2593)
(4242, 2592)
(4241, 2591)
(4242, 2590)
(4242, 2589)
(4241, 2588)
(4240, 2587)
(4240, 2586)
(4239, 2585)
(4238, 2584)
(4237, 2583)
(4236, 2582)
(4235, 2581)
(4234, 2580)
(4233, 2579)
(4232, 2578)
(4231, 2578)
(4230, 2577)
(4229, 2576)
(4228, 2575)
(4227, 2574)
(4226, 2573)
(4225, 2572)
(4224, 2571)
(4223, 2570)
(4222, 2569)
(4221, 2568)
(4220, 2568)
(4219, 2567)
(4218, 2566)
(4217, 2566)
(4216, 2565)
(4215, 2564)
(4214, 2563)
(4213, 2562)
(4212, 2561)
(4211, 2562)
(4210, 2561)
(4209, 2560)
(4208, 2559)
(4207, 2558)
(4206, 2557)
(4205, 2556)
(4204, 2556)
(4203, 2557)
(4202, 2558)
(4201, 2558)
(4200, 2557)
(4199, 2556)
(4198, 2556)
(4197, 2555)
(4196, 2555)
(4195, 2554)
(4194, 2553)
(4193, 2552)
(4192, 2551)
(4191, 2550)
(4190, 2550)
(4189, 2550)
(4188, 2550)
(4187, 2550)
(4186, 2549)
(4185, 2549)
(4184, 2549)
(4183, 2548)
(4182, 2547)
(4181, 2546)
(4180, 2545)
(4179, 2544)
(4178, 2543)
(4177, 2542)
(4176, 2541)
(4175, 2540)
(4174, 2539)
(4173, 2538)
(4172, 2537)
(4171, 2536)
(4170, 2535)
(4169, 2534)
(4168, 2533)
(4167, 2532)
(4166, 2531)
(4165, 2530)
(4164, 2529)
(4163, 2528)
(4162, 2527)
(4161, 2527)
(4160, 2528)
(4159, 2527)
(4158, 2526)
(4157, 2525)
(4156, 2524)
(4155, 2523)
(4154, 2523)
(4153, 2522)
(4152, 2523)
(4151, 2524)
(4150, 2524)
(4149, 2523)
(4148, 2522)
(4147, 2522)
(4146, 2521)
(4145, 2520)
(4144, 2519)
(4143, 2518)
(4142, 2517)
(4141, 2517)
(4140, 2516)
(4139, 2515)
(4138, 2514)
(4137, 2513)
(4136, 2512)
(4135, 2511)
(4134, 2511)
(4133, 2512)
(4132, 2512)
(4131, 2512)
(4130, 2512)
(4129, 2512)
(4128, 2512)
(4127, 2512)
(4126, 2511)
(4125, 2510)
(4124, 2510)
(4123, 2510)
(4122, 2511)
(4121, 2512)
(4120, 2512)
(4119, 2512)
(4118, 2512)
(4117, 2512)
(4116, 2513)
(4116, 2514)
(4115, 2515)
(4114, 2514)
(4113, 2513)
(4112, 2512)
(4111, 2511)
(4110, 2510)
(4109, 2509)
(4108, 2508)
(4107, 2508)
(4106, 2508)
(4105, 2508)
(4104, 2507)
(4103, 2506)
(4102, 2505)
(4101, 2504)
(4100, 2503)
(4099, 2502)
(4098, 2502)
(4097, 2501)
(4096, 2500)
(4095, 2499)
(4094, 2498)
(4093, 2497)
(4092, 2496)
(4091, 2495)
(4090, 2494)
(4089, 2493)
(4088, 2493)
(4087, 2492)
(4086, 2491)
(4085, 2490)
(4084, 2489)
(4083, 2488)
(4082, 2487)
(4081, 2486)
(4080, 2485)
(4079, 2484)
(4078, 2484)
(4077, 2483)
(4076, 2482)
(4075, 2481)
(4074, 2480)
(4073, 2481)
(4072, 2481)
(4071, 2480)
(4070, 2479)
(4069, 2480)
(4068, 2479)
(4067, 2478)
(4066, 2477)
(4065, 2476)
(4064, 2475)
(4063, 2474)
(4062, 2474)
(4061, 2473)
(4060, 2472)
(4059, 2471)
(4058, 2470)
(4057, 2469)
(4056, 2468)
(4055, 2467)
(4054, 2466)
(4053, 2465)
(4052, 2464)
(4051, 2463)
(4050, 2462)
(4049, 2461)
(4048, 2460)
(4047, 2459)
(4046, 2458)
(4045, 2457)
(4044, 2457)
(4043, 2456)
(4042, 2455)
(4041, 2456)
(4040, 2457)
(4039, 2456)
(4038, 2456)
(4037, 2456)
(4036, 2456)
(4035, 2455)
(4034, 2454)
(4033, 2453)
(4032, 2453)
(4031, 2452)
(4030, 2451)
(4029, 2450)
(4028, 2449)
(4027, 2448)
(4026, 2447)
(4025, 2446)
(4024, 2445)
(4023, 2444)
(4022, 2443)
(4021, 2442)
(4021, 2441)
(4020, 2440)
(4019, 2439)
(4018, 2438)
(4017, 2438)
(4016, 2437)
(4015, 2437)
(4014, 2436)
(4013, 2435)
(4012, 2434)
(4011, 2433)
(4010, 2432)
(4009, 2431)
(4008, 2430)
(4007, 2429)
(4006, 2429)
(4005, 2428)
(4004, 2427)
(4003, 2426)
(4002, 2426)
(4001, 2425)
(4000, 2425)
(3999, 2424)
(3998, 2423)
(3997, 2422)
(3996, 2421)
(3995, 2420)
(3994, 2419)
(3993, 2418)
(3992, 2417)
(3991, 2416)
(3990, 2415)
(3989, 2414)
(3988, 2413)
(3987, 2412)
(3987, 2411)
(3986, 2411)
(3985, 2410)
(3984, 2409)
(3983, 2408)
(3982, 2408)
(3982, 2407)
(3981, 2406)
(3980, 2405)
(3979, 2404)
(3979, 2403)
(3979, 2402)
(3979, 2401)
(3978, 2401)
(3977, 2400)
(3977, 2399)
(3977, 2398)
(3977, 2397)
(3977, 2396)
(3976, 2396)
(3975, 2395)
(3974, 2394)
(3973, 2394)
(3972, 2393)
(3971, 2393)
(3971, 2392)
(3971, 2391)
(3970, 2391)
(3969, 2390)
(3968, 2390)
(3967, 2390)
(3966, 2389)
(3965, 2389)
(3964, 2388)
(3963, 2387)
(3962, 2387)
(3961, 2387)
(3960, 2387)
(3959, 2386)
(3958, 2385)
(3959, 2384)
(3958, 2383)
(3957, 2382)
(3956, 2381)
(3955, 2380)
(3954, 2379)
(3953, 2378)
(3952, 2378)
(3951, 2377)
(3951, 2376)
(3952, 2375)
(3951, 2374)
(3950, 2373)
(3950, 2372)
(3949, 2372)
(3948, 2372)
(3949, 2371)
(3948, 2370)
(3947, 2369)
(3947, 2368)
(3946, 2367)
(3945, 2366)
(3944, 2366)
(3943, 2366)
(3942, 2365)
(3941, 2364)
(3940, 2363)
(3939, 2362)
(3938, 2361)
(3937, 2360)
(3936, 2359)
(3935, 2358)
(3934, 2357)
(3933, 2356)
(3932, 2355)
(3931, 2355)
(3930, 2354)
(3929, 2353)
(3928, 2352)
(3927, 2351)
(3926, 2350)
(3925, 2349)
(3924, 2348)
(3923, 2348)
(3922, 2348)
(3921, 2347)
(3921, 2346)
(3922, 2345)
(3922, 2344)
(3922, 2343)
(3921, 2342)
(3920, 2341)
(3919, 2340)
(3918, 2339)
(3917, 2338)
(3916, 2337)
(3915, 2336)
(3914, 2335)
(3913, 2334)
(3912, 2333)
(3911, 2332)
(3910, 2331)
(3909, 2330)
(3908, 2329)
(3907, 2328)
(3906, 2327)
(3905, 2326)
(3904, 2325)
(3903, 2324)
(3904, 2323)
(3903, 2322)
(3902, 2321)
(3901, 2321)
(3900, 2320)
(3899, 2319)
(3898, 2318)
(3897, 2317)
(3896, 2317)
(3895, 2316)
(3894, 2315)
(3893, 2314)
(3892, 2313)
(3891, 2312)
(3890, 2311)
(3889, 2310)
(3888, 2309)
(3887, 2308)
(3886, 2307)
(3885, 2306)
(3884, 2305)
(3883, 2304)
(3882, 2303)
(3881, 2302)
(3880, 2301)
(3879, 2300)
(3878, 2299)
(3877, 2298)
(3876, 2297)
(3875, 2296)
(3874, 2295)
(3873, 2294)
(3872, 2293)
(3871, 2292)
(3870, 2291)
(3869, 2290)
(3868, 2289)
(3867, 2288)
(3866, 2287)
(3865, 2286)
(3864, 2285)
(3863, 2284)
(3862, 2284)
(3861, 2284)
(3860, 2284)
(3859, 2284)
(3858, 2284)
(3857, 2283)
(3856, 2282)
(3855, 2282)
(3854, 2281)
(3853, 2280)
(3852, 2280)
(3851, 2280)
(3850, 2280)
(3849, 2279)
(3848, 2278)
(3847, 2277)
(3846, 2276)
(3845, 2276)
(3844, 2275)
(3843, 2274)
(3842, 2274)
(3841, 2274)
(3840, 2273)
(3839, 2272)
(3838, 2272)
(3837, 2271)
(3836, 2271)
(3835, 2270)
(3834, 2269)
(3833, 2268)
(3832, 2267)
(3831, 2266)
(3830, 2265)
(3829, 2264)
(3828, 2263)
(3827, 2262)
(3826, 2261)
(3825, 2262)
(3824, 2262)
(3823, 2262)
(3822, 2261)
(3821, 2260)
(3820, 2259)
(3819, 2258)
(3819, 2259)
(3818, 2260)
(3817, 2261)
(3816, 2262)
(3815, 2263)
(3814, 2264)
(3813, 2265)
(3812, 2264)
(3811, 2265)
(3810, 2265)
(3809, 2266)
(3808, 2267)
(3807, 2266)
(3806, 2265)
(3805, 2264)
(3804, 2265)
(3803, 2266)
(3802, 2266)
(3801, 2267)
(3800, 2267)
(3799, 2267)
(3798, 2266)
(3797, 2267)
(3796, 2266)
(3795, 2265)
(3794, 2265)
(3793, 2265)
(3792, 2265)
(3791, 2264)
(3790, 2263)
(3789, 2263)
(3788, 2262)
(3787, 2262)
(3786, 2262)
(3785, 2261)
(3784, 2260)
(3783, 2261)
(3782, 2262)
(3781, 2262)
(3780, 2261)
(3779, 2260)
(3778, 2259)
(3777, 2259)
(3776, 2258)
(3775, 2258)
(3774, 2258)
(3773, 2258)
(3772, 2257)
(3771, 2256)
(3770, 2255)
(3769, 2254)
(3768, 2253)
(3767, 2252)
(3766, 2252)
(3765, 2251)
(3764, 2250)
(3763, 2249)
(3762, 2249)
(3761, 2249)
(3760, 2249)
(3759, 2248)
(3758, 2247)
(3757, 2246)
(3756, 2245)
(3755, 2245)
(3754, 2244)
(3753, 2243)
(3752, 2242)
(3751, 2241)
(3750, 2242)
(3750, 2243)
(3749, 2244)
(3748, 2244)
(3749, 2245)
(3748, 2246)
(3747, 2247)
(3746, 2247)
(3745, 2246)
(3744, 2245)
(3743, 2244)
(3742, 2243)
(3741, 2243)
(3740, 2242)
(3739, 2241)
(3738, 2240)
(3737, 2240)
(3736, 2240)
(3735, 2239)
(3734, 2238)
(3733, 2238)
(3732, 2238)
(3731, 2238)
(3730, 2237)
(3729, 2236)
(3728, 2235)
(3727, 2234)
(3726, 2234)
(3725, 2234)
(3724, 2235)
(3723, 2235)
(3722, 2235)
(3721, 2235)
(3720, 2234)
(3719, 2234)
(3718, 2235)
(3717, 2235)
(3716, 2235)
(3715, 2234)
(3714, 2233)
(3713, 2232)
(3712, 2232)
(3711, 2233)
(3710, 2234)
(3709, 2235)
(3708, 2236)
(3707, 2237)
(3706, 2238)
(3705, 2238)
(3704, 2238)
(3703, 2238)
(3702, 2237)
(3701, 2236)
(3700, 2235)
(3699, 2234)
(3698, 2234)
(3697, 2233)
(3696, 2233)
(3695, 2233)
(3694, 2233)
(3693, 2232)
(3692, 2231)
(3691, 2230)
(3690, 2229)
(3689, 2230)
(3688, 2231)
(3687, 2231)
(3686, 2230)
(3685, 2229)
(3684, 2228)
(3683, 2227)
(3682, 2226)
(3681, 2225)
(3680, 2224)
(3679, 2223)
(3678, 2222)
(3677, 2221)
(3676, 2222)
(3675, 2222)
(3674, 2221)
(3673, 2220)
(3672, 2219)
(3671, 2218)
(3670, 2218)
(3669, 2217)
(3668, 2217)
(3667, 2218)
(3666, 2218)
(3665, 2219)
(3665, 2220)
(3665, 2221)
(3664, 2221)
(3663, 2221)
(3662, 2221)
(3661, 2221)
(3660, 2222)
(3659, 2223)
(3658, 2224)
(3658, 2225)
(3657, 2226)
(3657, 2227)
(3656, 2228)
(3655, 2228)
(3654, 2229)
(3654, 2230)
(3653, 2231)
(3652, 2231)
(3651, 2231)
(3650, 2231)
(3649, 2231)
(3648, 2232)
(3647, 2232)
(3646, 2232)
(3645, 2233)
(3644, 2233)
(3643, 2233)
(3642, 2232)
(3641, 2231)
(3640, 2231)
(3639, 2232)
(3638, 2232)
(3637, 2232)
(3636, 2232)
(3635, 2231)
(3634, 2230)
(3633, 2229)
(3632, 2229)
(3631, 2229)
(3630, 2229)
(3629, 2229)
(3629, 2230)
(3628, 2230)
(3627, 2230)
(3627, 2231)
(3626, 2231)
(3625, 2231)
(3624, 2230)
(3623, 2230)
(3622, 2230)
(3621, 2230)
(3620, 2229)
(3619, 2228)
(3618, 2227)
(3617, 2228)
(3616, 2227)
(3615, 2227)
(3614, 2226)
(3613, 2226)
(3612, 2225)
(3611, 2226)
(3610, 2226)
(3609, 2227)
(3608, 2227)
(3607, 2227)
(3606, 2226)
(3605, 2226)
(3604, 2226)
(3603, 2225)
(3603, 2226)
(3602, 2227)
(3601, 2228)
(3600, 2227)
(3599, 2226)
(3598, 2225)
(3597, 2224)
(3596, 2223)
(3595, 2223)
(3594, 2223)
(3593, 2223)
(3592, 2222)
(3591, 2222)
(3590, 2222)
(3589, 2221)
(3588, 2221)
(3587, 2220)
(3586, 2219)
(3585, 2218)
(3584, 2217)
(3583, 2216)
(3582, 2215)
(3581, 2214)
(3580, 2213)
(3579, 2212)
(3578, 2211)
(3577, 2210)
(3576, 2210)
(3575, 2209)
(3574, 2208)
(3573, 2207)
(3572, 2208)
(3571, 2207)
(3570, 2207)
(3569, 2208)
(3568, 2207)
(3567, 2206)
(3566, 2205)
(3565, 2205)
(3564, 2204)
(3563, 2204)
(3562, 2203)
(3561, 2204)
(3560, 2203)
(3559, 2202)
(3558, 2201)
(3557, 2200)
(3556, 2199)
(3555, 2200)
(3554, 2201)
(3553, 2200)
(3552, 2199)
(3551, 2199)
(3550, 2198)
(3549, 2197)
(3548, 2196)
(3547, 2195)
(3546, 2194)
(3545, 2193)
(3544, 2192)
(3543, 2191)
(3542, 2190)
(3541, 2189)
(3540, 2188)
(3539, 2187)
(3538, 2186)
(3537, 2185)
(3536, 2184)
(3535, 2183)
(3534, 2182)
(3533, 2181)
(3532, 2180)
(3531, 2179)
(3530, 2179)
(3529, 2180)
(3528, 2180)
(3527, 2181)
(3526, 2182)
(3525, 2182)
(3524, 2182)
(3523, 2183)
(3522, 2183)
(3522, 2184)
(3521, 2184)
(3520, 2184)
(3519, 2185)
(3519, 2186)
(3518, 2186)
(3517, 2186)
(3516, 2186)
(3515, 2186)
(3514, 2187)
(3513, 2187)
(3512, 2188)
(3511, 2187)
(3510, 2187)
(3509, 2187)
(3508, 2187)
(3507, 2187)
(3506, 2187)
(3505, 2187)
(3504, 2188)
(3503, 2189)
(3502, 2190)
(3502, 2191)
(3502, 2192)
(3501, 2193)
(3500, 2192)
(3499, 2191)
(3498, 2191)
(3497, 2191)
(3496, 2190)
(3495, 2190)
(3494, 2190)
(3493, 2191)
(3494, 2191)
(3494, 2192)
(3494, 2193)
(3493, 2194)
(3493, 2195)
(3492, 2196)
(3491, 2196)
(3490, 2196)
(3489, 2196)
(3488, 2195)
(3487, 2196)
(3487, 2197)
(3487, 2198)
(3486, 2199)
(3485, 2200)
(3484, 2201)
(3483, 2201)
(3482, 2202)
(3483, 2202)
(3483, 2203)
(3482, 2204)
(3481, 2204)
(3480, 2205)
(3479, 2205)
(3478, 2206)
(3477, 2205)
(3476, 2205)
(3475, 2206)
(3474, 2205)
(3473, 2204)
(3472, 2204)
(3471, 2204)
(3470, 2204)
(3469, 2204)
(3468, 2203)
(3467, 2203)
(3466, 2203)
(3465, 2204)
(3464, 2205)
(3463, 2204)
(3462, 2204)
(3461, 2205)
(3460, 2204)
(3459, 2203)
(3458, 2202)
(3457, 2202)
(3456, 2201)
(3455, 2200)
(3454, 2199)
(3453, 2198)
(3452, 2197)
(3451, 2196)
(3450, 2195)
(3449, 2194)
(3448, 2193)
(3447, 2192)
(3446, 2191)
(3445, 2190)
(3444, 2190)
(3443, 2189)
(3442, 2188)
(3441, 2187)
(3440, 2186)
(3439, 2187)
(3438, 2187)
(3437, 2186)
(3436, 2185)
(3435, 2184)
(3434, 2183)
(3433, 2183)
(3432, 2184)
(3431, 2184)
(3430, 2183)
(3429, 2182)
(3428, 2181)
(3427, 2182)
(3426, 2182)
(3425, 2181)
(3424, 2180)
(3423, 2179)
(3422, 2179)
(3421, 2178)
(3420, 2178)
(3419, 2177)
(3418, 2176)
(3417, 2175)
(3416, 2175)
(3415, 2176)
(3414, 2177)
(3413, 2177)
(3412, 2177)
(3411, 2177)
(3410, 2177)
(3409, 2177)
(3410, 2178)
(3409, 2178)
(3408, 2178)
(3407, 2179)
(3406, 2180)
(3405, 2180)
(3405, 2181)
(3404, 2181)
(3403, 2181)
(3402, 2182)
(3401, 2183)
(3400, 2184)
(3399, 2184)
(3398, 2185)
(3397, 2185)
(3396, 2185)
(3395, 2185)
(3395, 2186)
(3395, 2187)
(3396, 2188)
(3395, 2189)
(3394, 2190)
(3393, 2191)
(3392, 2190)
(3391, 2190)
(3390, 2190)
(3389, 2191)
(3388, 2190)
(3387, 2189)
(3386, 2189)
(3385, 2188)
(3384, 2187)
(3383, 2186)
(3382, 2186)
(3381, 2187)
(3380, 2186)
(3379, 2185)
(3378, 2184)
(3377, 2183)
(3376, 2182)
(3375, 2181)
(3374, 2180)
(3373, 2179)
(3372, 2178)
(3371, 2177)
(3370, 2176)
(3369, 2175)
(3368, 2174)
(3367, 2173)
(3366, 2172)
(3365, 2171)
(3364, 2170)
(3363, 2169)
(3362, 2168)
(3361, 2167)
(3360, 2167)
(3359, 2168)
(3358, 2168)
(3357, 2167)
(3356, 2168)
(3355, 2168)
(3354, 2167)
(3353, 2166)
(3352, 2165)
(3351, 2164)
(3350, 2163)
(3349, 2162)
(3348, 2161)
(3347, 2160)
(3346, 2160)
(3345, 2159)
(3344, 2158)
(3343, 2157)
(3342, 2156)
(3341, 2155)
(3340, 2154)
(3339, 2154)
(3338, 2153)
(3337, 2152)
(3336, 2151)
(3335, 2150)
(3334, 2149)
(3333, 2149)
(3332, 2150)
(3331, 2150)
(3330, 2150)
(3329, 2150)
(3328, 2150)
(3327, 2149)
(3326, 2150)
(3325, 2150)
(3324, 2150)
(3323, 2149)
(3322, 2149)
(3321, 2149)
(3320, 2149)
(3319, 2149)
(3318, 2149)
(3317, 2148)
(3316, 2147)
(3315, 2147)
(3314, 2147)
(3313, 2147)
(3313, 2148)
(3312, 2149)
(3311, 2149)
(3310, 2149)
(3309, 2149)
(3308, 2149)
(3307, 2150)
(3307, 2151)
(3307, 2152)
(3306, 2153)
(3305, 2153)
(3304, 2152)
(3303, 2153)
(3302, 2153)
(3301, 2154)
(3300, 2154)
(3300, 2155)
(3301, 2155)
(3301, 2156)
(3300, 2157)
(3299, 2158)
(3298, 2159)
(3297, 2160)
(3296, 2161)
(3295, 2161)
(3294, 2160)
(3293, 2159)
(3292, 2160)
(3291, 2160)
(3290, 2159)
(3289, 2158)
(3288, 2157)
(3287, 2156)
(3286, 2155)
(3285, 2156)
(3284, 2157)
(3283, 2156)
(3282, 2156)
(3281, 2156)
(3280, 2157)
(3279, 2157)
(3278, 2157)
(3277, 2156)
(3276, 2156)
(3275, 2156)
(3274, 2157)
(3273, 2156)
(3272, 2155)
(3271, 2156)
(3270, 2157)
(3269, 2158)
(3268, 2159)
(3267, 2158)
(3267, 2159)
(3266, 2160)
(3265, 2160)
(3264, 2160)
(3264, 2161)
(3263, 2160)
(3262, 2161)
(3261, 2160)
(3260, 2160)
(3260, 2161)
(3259, 2162)
(3258, 2162)
(3257, 2161)
(3256, 2160)
(3255, 2159)
(3254, 2158)
(3253, 2157)
(3252, 2156)
(3251, 2157)
(3250, 2157)
(3249, 2157)
(3248, 2157)
(3247, 2157)
(3246, 2157)
(3245, 2157)
(3246, 2158)
(3246, 2159)
(3246, 2160)
(3246, 2161)
(3245, 2161)
(3244, 2162)
(3245, 2162)
(3245, 2163)
(3245, 2164)
(3245, 2165)
(3244, 2166)
(3243, 2166)
(3242, 2165)
(3241, 2164)
(3240, 2163)
(3239, 2164)
(3238, 2163)
(3237, 2162)
(3236, 2162)
(3235, 2163)
(3234, 2163)
(3233, 2164)
(3232, 2164)
(3231, 2164)
(3230, 2164)
(3229, 2163)
(3228, 2163)
(3227, 2162)
(3226, 2163)
(3225, 2164)
(3224, 2164)
(3223, 2164)
(3222, 2163)
(3221, 2162)
(3220, 2161)
(3219, 2160)
(3218, 2160)
(3217, 2159)
(3216, 2158)
(3215, 2158)
(3214, 2157)
(3213, 2156)
(3212, 2157)
(3211, 2157)
(3210, 2156)
(3209, 2155)
(3208, 2156)
(3207, 2155)
(3206, 2154)
(3205, 2155)
(3204, 2156)
(3203, 2157)
(3202, 2158)
(3201, 2159)
(3200, 2159)
(3199, 2158)
(3198, 2157)
(3197, 2158)
(3196, 2157)
(3195, 2156)
(3194, 2155)
(3193, 2155)
(3192, 2156)
(3191, 2155)
(3190, 2154)
(3189, 2153)
(3188, 2154)
(3187, 2154)
(3186, 2155)
(3185, 2154)
(3184, 2153)
(3183, 2152)
(3182, 2151)
(3181, 2150)
(3180, 2149)
(3179, 2148)
(3178, 2147)
(3177, 2147)
(3176, 2147)
(3175, 2148)
(3174, 2149)
(3174, 2150)
(3173, 2150)
(3173, 2151)
(3172, 2151)
(3171, 2152)
(3170, 2152)
(3169, 2151)
(3168, 2150)
(3167, 2149)
(3166, 2148)
(3165, 2147)
(3164, 2146)
(3163, 2146)
(3162, 2146)
(3161, 2147)
(3160, 2147)
(3159, 2146)
(3158, 2146)
(3157, 2147)
(3156, 2148)
(3155, 2147)
(3154, 2146)
(3153, 2145)
(3152, 2144)
(3151, 2143)
(3150, 2142)
(3150, 2143)
(3149, 2143)
(3148, 2143)
(3147, 2144)
(3146, 2145)
(3145, 2145)
(3144, 2145)
(3143, 2146)
(3142, 2146)
(3142, 2147)
(3142, 2148)
(3141, 2148)
(3142, 2149)
(3141, 2149)
(3142, 2150)
(3141, 2151)
(3141, 2152)
(3141, 2153)
(3141, 2154)
(3140, 2155)
(3139, 2156)
(3138, 2156)
(3137, 2155)
(3136, 2154)
(3135, 2154)
(3135, 2155)
(3134, 2155)
(3133, 2155)
(3132, 2156)
(3132, 2157)
(3132, 2158)
(3131, 2159)
(3130, 2160)
(3130, 2161)
(3129, 2161)
(3129, 2162)
(3128, 2163)
(3127, 2163)
(3126, 2163)
(3125, 2163)
(3124, 2163)
(3123, 2163)
(3122, 2164)
(3121, 2163)
(3120, 2162)
(3119, 2162)
(3118, 2163)
(3117, 2163)
(3116, 2163)
(3115, 2163)
(3114, 2163)
(3113, 2162)
(3112, 2161)
(3111, 2160)
(3110, 2161)
(3109, 2162)
(3108, 2162)
(3107, 2162)
(3106, 2161)
(3105, 2161)
(3104, 2160)
(3103, 2159)
(3102, 2158)
(3101, 2157)
(3100, 2156)
(3099, 2155)
(3098, 2154)
(3097, 2153)
(3096, 2154)
(3095, 2154)
(3094, 2154)
(3093, 2154)
(3092, 2153)
(3091, 2154)
(3090, 2153)
(3089, 2153)
(3088, 2152)
(3087, 2152)
(3086, 2151)
(3085, 2150)
(3084, 2149)
(3083, 2148)
(3082, 2147)
(3081, 2147)
(3080, 2147)
(3079, 2146)
(3078, 2146)
(3077, 2145)
(3076, 2144)
(3075, 2144)
(3074, 2143)
(3073, 2143)
(3072, 2143)
(3071, 2142)
(3070, 2141)
(3069, 2142)
(3068, 2143)
(3067, 2144)
(3066, 2145)
(3066, 2146)
(3066, 2147)
(3066, 2148)
(3065, 2149)
(3064, 2149)
(3063, 2148)
(3062, 2149)
(3061, 2148)
(3060, 2147)
(3059, 2147)
(3058, 2147)
(3057, 2146)
(3056, 2145)
(3055, 2144)
(3054, 2144)
(3053, 2143)
(3052, 2142)
(3051, 2141)
(3050, 2140)
(3049, 2139)
(3048, 2139)
(3047, 2139)
(3046, 2140)
(3045, 2140)
(3044, 2139)
(3043, 2139)
(3042, 2140)
(3041, 2139)
(3040, 2138)
(3039, 2139)
(3038, 2140)
(3037, 2140)
(3036, 2140)
(3035, 2141)
(3034, 2141)
(3033, 2140)
(3032, 2139)
(3031, 2138)
(3030, 2137)
(3029, 2136)
(3028, 2135)
(3027, 2134)
(3026, 2134)
(3025, 2134)
(3024, 2133)
(3023, 2132)
(3022, 2131)
(3021, 2130)
(3020, 2131)
(3019, 2130)
(3018, 2130)
(3017, 2130)
(3016, 2131)
(3015, 2131)
(3014, 2131)
(3013, 2131)
(3013, 2132)
(3012, 2131)
(3011, 2131)
(3010, 2131)
(3009, 2130)
(3008, 2129)
(3007, 2128)
(3006, 2128)
(3005, 2127)
(3004, 2126)
(3003, 2125)
(3002, 2124)
(3001, 2124)
(3000, 2124)
(2999, 2124)
(2998, 2124)
(2997, 2123)
(2996, 2123)
(2995, 2123)
(2994, 2123)
(2993, 2122)
(2992, 2122)
(2991, 2121)
(2990, 2122)
(2989, 2121)
(2988, 2120)
(2987, 2119)
(2986, 2118)
(2985, 2117)
(2984, 2116)
(2983, 2115)
(2982, 2114)
(2981, 2113)
(2980, 2113)
(2979, 2112)
(2978, 2111)
(2977, 2110)
(2976, 2109)
(2975, 2108)
(2974, 2108)
(2973, 2107)
(2972, 2106)
(2971, 2105)
(2970, 2104)
(2969, 2103)
(2968, 2102)
(2967, 2101)
(2966, 2101)
(2965, 2102)
(2964, 2103)
(2963, 2103)
(2962, 2103)
(2961, 2103)
(2960, 2104)
(2959, 2103)
(2958, 2102)
(2957, 2103)
(2956, 2104)
(2955, 2104)
(2955, 2105)
(2954, 2106)
(2953, 2107)
(2952, 2108)
(2951, 2107)
(2950, 2108)
(2949, 2107)
(2948, 2107)
(2947, 2106)
(2946, 2106)
(2945, 2105)
(2944, 2104)
(2943, 2104)
(2942, 2104)
(2941, 2103)
(2940, 2102)
(2939, 2102)
(2938, 2101)
(2937, 2100)
(2936, 2099)
(2935, 2099)
(2934, 2098)
(2933, 2097)
(2932, 2096)
(2931, 2096)
(2930, 2096)
(2929, 2096)
(2929, 2095)
(2929, 2094)
(2929, 2093)
(2929, 2092)
(2929, 2091)
(2929, 2090)
(2928, 2089)
(2929, 2088)
(2929, 2087)
(2928, 2086)
(2927, 2085)
(2926, 2084)
(2925, 2083)
(2924, 2082)
(2924, 2081)
(2923, 2080)
(2922, 2079)
(2921, 2078)
(2920, 2077)
(2919, 2076)
(2918, 2075)
(2919, 2074)
(2920, 2073)
(2920, 2072)
(2920, 2071)
(2920, 2070)
(2919, 2069)
(2919, 2068)
(2920, 2068)
(2919, 2067)
(2918, 2066)
(2917, 2065)
(2916, 2064)
(2915, 2063)
(2914, 2062)
(2913, 2061)
(2912, 2060)
(2911, 2059)
(2910, 2058)
(2909, 2057)
(2908, 2056)
(2907, 2055)
(2906, 2055)
(2905, 2054)
(2904, 2054)
(2903, 2055)
(2902, 2055)
(2901, 2055)
(2900, 2054)
(2899, 2053)
(2898, 2053)
(2897, 2053)
(2896, 2053)
(2895, 2053)
(2894, 2052)
(2893, 2051)
(2892, 2051)
(2891, 2051)
(2890, 2050)
(2889, 2051)
(2888, 2052)
(2887, 2052)
(2886, 2051)
(2885, 2050)
(2884, 2049)
(2883, 2048)
(2882, 2047)
(2881, 2047)
(2880, 2046)
(2879, 2045)
(2878, 2044)
(2877, 2043)
(2876, 2042)
(2875, 2041)
(2874, 2040)
(2873, 2039)
(2872, 2038)
(2871, 2037)
(2870, 2037)
(2869, 2036)
(2868, 2035)
(2867, 2034)
(2866, 2033)
(2865, 2032)
(2864, 2032)
(2863, 2031)
(2862, 2030)
(2861, 2029)
(2860, 2028)
(2859, 2027)
(2858, 2026)
(2857, 2025)
(2857, 2024)
(2856, 2023)
(2855, 2022)
(2854, 2021)
(2853, 2020)
(2853, 2019)
(2852, 2018)
(2851, 2017)
(2850, 2016)
(2849, 2015)
(2848, 2014)
(2847, 2013)
(2846, 2012)
(2845, 2011)
(2844, 2010)
(2843, 2009)
(2842, 2009)
(2841, 2008)
(2840, 2007)
(2839, 2006)
(2838, 2005)
(2837, 2004)
(2836, 2003)
(2835, 2002)
(2834, 2001)
(2833, 2000)
(2832, 1999)
(2831, 1998)
(2830, 1997)
(2829, 1996)
(2828, 1995)
(2827, 1994)
(2826, 1993)
(2825, 1992)
(2824, 1991)
(2823, 1990)
(2822, 1990)
(2821, 1989)
(2820, 1988)
(2819, 1987)
(2818, 1986)
(2817, 1985)
(2816, 1984)
(2815, 1983)
(2814, 1982)
(2813, 1981)
(2812, 1980)
(2811, 1979)
(2810, 1978)
(2809, 1977)
(2808, 1976)
(2807, 1975)
(2806, 1974)
(2805, 1973)
(2804, 1972)
(2803, 1971)
(2802, 1970)
(2801, 1969)
(2800, 1969)
(2799, 1969)
(2798, 1968)
(2797, 1968)
(2796, 1967)
(2795, 1968)
(2794, 1967)
(2793, 1967)
(2792, 1967)
(2791, 1966)
(2790, 1965)
(2789, 1964)
(2788, 1963)
(2787, 1962)
(2786, 1961)
(2785, 1960)
(2784, 1959)
(2783, 1958)
(2782, 1957)
(2781, 1956)
(2780, 1955)
(2779, 1954)
(2778, 1953)
(2777, 1952)
(2777, 1951)
(2776, 1950)
(2775, 1949)
(2774, 1948)
(2773, 1947)
(2772, 1946)
(2771, 1945)
(2770, 1945)
(2769, 1945)
(2768, 1944)
(2767, 1943)
(2766, 1942)
(2765, 1941)
(2764, 1940)
(2763, 1939)
(2763, 1938)
(2762, 1937)
(2761, 1936)
(2760, 1935)
(2759, 1934)
(2758, 1933)
(2757, 1933)
(2756, 1933)
(2755, 1932)
(2754, 1931)
(2753, 1930)
(2752, 1929)
(2751, 1928)
(2750, 1927)
(2749, 1926)
(2748, 1925)
(2747, 1924)
(2746, 1923)
(2745, 1922)
(2744, 1921)
(2743, 1920)
(2742, 1919)
(2741, 1918)
(2740, 1917)
(2739, 1916)
(2738, 1915)
(2737, 1914)
(2736, 1913)
(2735, 1912)
(2734, 1911)
(2733, 1910)
(2732, 1909)
(2731, 1908)
(2730, 1907)
(2729, 1906)
(2728, 1905)
(2727, 1904)
(2726, 1903)
(2725, 1903)
(2726, 1902)
(2725, 1901)
(2724, 1900)
(2723, 1899)
(2723, 1898)
(2724, 1897)
(2724, 1896)
(2724, 1895)
(2723, 1894)
(2722, 1893)
(2721, 1892)
(2720, 1891)
(2720, 1890)
(2719, 1889)
(2718, 1888)
(2717, 1887)
(2716, 1886)
(2715, 1885)
(2714, 1884)
(2713, 1883)
(2712, 1882)
(2711, 1881)
(2710, 1880)
(2709, 1879)
(2708, 1878)
(2707, 1877)
(2706, 1876)
(2705, 1875)
(2704, 1874)
(2703, 1874)
(2704, 1873)
(2704, 1872)
(2703, 1871)
(2702, 1870)
(2701, 1869)
(2700, 1868)
(2699, 1867)
(2698, 1866)
(2697, 1865)
(2696, 1864)
(2695, 1863)
(2694, 1862)
(2693, 1861)
(2692, 1860)
(2691, 1859)
(2690, 1858)
(2689, 1857)
(2688, 1856)
(2687, 1855)
(2686, 1854)
(2685, 1853)
(2685, 1852)
(2686, 1851)
(2686, 1850)
(2687, 1849)
(2686, 1848)
(2686, 1847)
(2685, 1846)
(2684, 1845)
(2684, 1844)
(2683, 1843)
(2682, 1842)
(2681, 1841)
(2680, 1840)
(2680, 1839)
(2680, 1838)
(2681, 1837)
(2681, 1836)
(2681, 1835)
(2680, 1834)
(2679, 1833)
(2679, 1832)
(2678, 1831)
(2677, 1831)
(2676, 1832)
(2675, 1831)
(2674, 1830)
(2673, 1829)
(2673, 1828)
(2673, 1827)
(2673, 1826)
(2672, 1825)
(2671, 1824)
(2670, 1823)
(2669, 1822)
(2668, 1821)
(2667, 1820)
(2666, 1819)
(2665, 1818)
(2664, 1817)
(2663, 1816)
(2664, 1815)
(2664, 1814)
(2664, 1813)
(2664, 1812)
(2665, 1813)
(2666, 1813)
(2667, 1812)
(2668, 1811)
(2669, 1810)
(2670, 1809)
(2669, 1808)
(2670, 1807)
(2669, 1806)
(2669, 1805)
(2668, 1804)
(2667, 1803)
(2666, 1802)
(2665, 1802)
(2664, 1801)
(2663, 1800)
(2662, 1799)
(2661, 1798)
(2660, 1798)
(2659, 1797)
(2658, 1796)
(2657, 1795)
(2656, 1794)
(2655, 1793)
(2654, 1792)
(2655, 1791)
(2655, 1790)
(2654, 1789)
(2653, 1788)
(2652, 1787)
(2651, 1786)
(2651, 1785)
(2650, 1784)
(2649, 1783)
(2648, 1782)
(2647, 1781)
(2646, 1782)
(2645, 1781)
(2644, 1780)
(2643, 1779)
(2642, 1778)
(2641, 1777)
(2640, 1776)
(2639, 1775)
(2638, 1774)
(2637, 1773)
(2636, 1772)
(2635, 1771)
(2634, 1770)
(2633, 1770)
(2632, 1769)
(2631, 1769)
(2630, 1769)
(2629, 1768)
(2628, 1767)
(2627, 1766)
(2626, 1766)
(2625, 1765)
(2624, 1766)
(2623, 1766)
(2622, 1767)
(2621, 1766)
(2620, 1766)
(2619, 1766)
(2618, 1767)
(2617, 1768)
(2616, 1768)
(2615, 1768)
(2614, 1767)
(2613, 1768)
(2612, 1768)
(2611, 1767)
(2610, 1766)
(2609, 1765)
(2608, 1764)
(2607, 1763)
(2606, 1762)
(2605, 1761)
(2604, 1760)
(2603, 1760)
(2602, 1759)
(2601, 1758)
(2600, 1757)
(2599, 1757)
(2598, 1756)
(2597, 1756)
(2596, 1755)
(2595, 1754)
(2594, 1753)
(2593, 1752)
(2592, 1752)
(2591, 1751)
(2591, 1750)
(2590, 1749)
(2589, 1748)
(2589, 1747)
(2588, 1746)
(2587, 1745)
(2586, 1744)
(2585, 1743)
(2584, 1742)
(2583, 1741)
(2582, 1740)
(2581, 1739)
(2580, 1738)
(2579, 1737)
(2578, 1736)
(2577, 1735)
(2576, 1734)
(2575, 1733)
(2574, 1732)
(2573, 1731)
(2573, 1730)
(2574, 1731)
(2574, 1730)
(2574, 1729)
(2575, 1729)
(2575, 1728)
(2575, 1727)
(2575, 1726)
(2575, 1725)
(2574, 1724)
(2573, 1723)
(2572, 1722)
(2573, 1721)
(2573, 1720)
(2572, 1719)
(2573, 1718)
(2573, 1717)
(2574, 1716)
(2573, 1715)
(2572, 1714)
(2571, 1713)
(2570, 1712)
(2569, 1711)
(2568, 1710)
(2567, 1709)
(2566, 1708)
(2565, 1707)
(2566, 1706)
(2566, 1705)
(2566, 1704)
(2566, 1703)
(2565, 1702)
(2564, 1701)
(2564, 1700)
(2563, 1699)
(2563, 1698)
(2562, 1697)
(2561, 1696)
(2560, 1695)
(2559, 1694)
(2558, 1693)
(2557, 1693)
(2556, 1693)
(2555, 1692)
(2554, 1691)
(2553, 1690)
(2552, 1689)
(2552, 1688)
(2551, 1687)
(2550, 1686)
(2549, 1685)
(2548, 1684)
(2547, 1683)
(2546, 1682)
(2545, 1681)
(2544, 1681)
(2543, 1680)
(2542, 1679)
(2541, 1678)
(2541, 1677)
(2540, 1676)
(2539, 1675)
(2538, 1674)
(2537, 1673)
(2536, 1672)
(2535, 1671)
(2534, 1670)
(2533, 1669)
(2533, 1668)
(2533, 1667)
(2533, 1666)
(2532, 1665)
(2532, 1664)
(2532, 1663)
(2531, 1662)
(2530, 1662)
(2529, 1661)
(2528, 1660)
(2527, 1659)
(2526, 1658)
(2525, 1657)
(2524, 1656)
(2523, 1655)
(2522, 1654)
(2522, 1653)
(2521, 1652)
(2520, 1651)
(2519, 1650)
(2518, 1649)
(2517, 1648)
(2516, 1647)
(2515, 1646)
(2514, 1645)
(2513, 1644)
(2512, 1643)
(2511, 1642)
(2510, 1642)
(2509, 1641)
(2508, 1641)
(2507, 1640)
(2506, 1639)
(2505, 1638)
(2504, 1637)
(2503, 1637)
(2502, 1636)
(2501, 1635)
(2500, 1634)
(2499, 1633)
(2498, 1632)
(2497, 1632)
(2496, 1631)
(2495, 1630)
(2494, 1629)
(2493, 1628)
(2492, 1628)
(2491, 1628)
(2490, 1627)
(2489, 1626)
(2488, 1625)
(2487, 1624)
(2486, 1623)
(2485, 1622)
(2484, 1622)
(2483, 1623)
(2482, 1623)
(2481, 1623)
(2480, 1622)
(2479, 1621)
(2478, 1621)
(2477, 1621)
(2476, 1621)
(2475, 1621)
(2475, 1622)
(2474, 1622)
(2473, 1622)
(2472, 1621)
(2471, 1620)
(2470, 1619)
(2469, 1618)
(2468, 1617)
(2467, 1616)
(2466, 1615)
(2465, 1614)
(2464, 1613)
(2463, 1613)
(2462, 1612)
(2461, 1611)
(2460, 1610)
(2459, 1609)
(2458, 1608)
(2457, 1607)
(2456, 1606)
(2455, 1605)
(2454, 1604)
(2453, 1603)
(2452, 1602)
(2451, 1601)
(2450, 1600)
(2449, 1599)
(2448, 1598)
(2447, 1598)
(2446, 1599)
(2445, 1600)
(2444, 1601)
(2443, 1602)
(2442, 1602)
(2441, 1601)
(2440, 1600)
(2439, 1599)
(2438, 1598)
(2437, 1597)
(2436, 1596)
(2435, 1595)
(2434, 1594)
(2433, 1593)
(2432, 1592)
(2431, 1591)
(2430, 1590)
(2429, 1589)
(2428, 1588)
(2427, 1588)
(2426, 1587)
(2425, 1586)
(2424, 1585)
(2423, 1584)
(2422, 1583)
(2421, 1582)
(2420, 1581)
(2419, 1581)
(2418, 1582)
(2418, 1583)
(2417, 1584)
(2416, 1585)
(2415, 1585)
(2414, 1585)
(2413, 1584)
(2412, 1584)
(2411, 1583)
(2410, 1582)
(2409, 1581)
(2408, 1581)
(2407, 1582)
(2406, 1583)
(2405, 1583)
(2404, 1583)
(2403, 1582)
(2402, 1581)
(2401, 1580)
(2400, 1580)
(2399, 1580)
(2398, 1579)
(2397, 1580)
(2396, 1580)
(2395, 1579)
(2394, 1578)
(2393, 1577)
(2392, 1576)
(2391, 1575)
(2390, 1575)
(2389, 1575)
(2388, 1575)
(2387, 1575)
(2386, 1576)
(2385, 1576)
(2384, 1575)
(2383, 1575)
(2382, 1575)
(2381, 1576)
(2380, 1576)
(2379, 1575)
(2378, 1574)
(2377, 1575)
(2376, 1574)
(2375, 1574)
(2374, 1574)
(2374, 1575)
(2374, 1576)
(2373, 1577)
(2372, 1577)
(2371, 1577)
(2371, 1578)
(2370, 1579)
(2370, 1580)
(2369, 1580)
(2368, 1580)
(2367, 1580)
(2366, 1579)
(2365, 1578)
(2364, 1577)
(2363, 1576)
(2362, 1576)
(2361, 1577)
(2360, 1578)
(2359, 1579)
(2358, 1578)
(2357, 1577)
(2356, 1576)
(2355, 1575)
(2354, 1574)
(2353, 1573)
(2352, 1572)
(2351, 1571)
(2350, 1570)
(2349, 1570)
(2348, 1569)
(2347, 1568)
(2346, 1567)
(2345, 1567)
(2344, 1566)
(2343, 1565)
(2342, 1564)
(2341, 1563)
(2340, 1562)
(2339, 1561)
(2338, 1560)
(2337, 1559)
(2336, 1558)
(2335, 1557)
(2334, 1556)
(2333, 1555)
(2332, 1555)
(2331, 1556)
(2330, 1556)
(2329, 1555)
(2328, 1554)
(2327, 1553)
(2326, 1552)
(2325, 1551)
(2324, 1550)
(2323, 1549)
(2322, 1548)
(2321, 1547)
(2320, 1546)
(2319, 1545)
(2318, 1544)
(2317, 1543)
(2316, 1542)
(2315, 1541)
(2314, 1540)
(2313, 1539)
(2312, 1539)
(2311, 1538)
(2310, 1537)
(2309, 1536)
(2308, 1535)
(2307, 1535)
(2306, 1534)
(2305, 1533)
(2304, 1532)
(2303, 1531)
(2302, 1530)
(2301, 1529)
(2300, 1528)
(2299, 1527)
(2298, 1526)
(2297, 1525)
(2296, 1524)
(2295, 1524)
(2294, 1523)
(2293, 1523)
(2292, 1523)
(2291, 1523)
(2290, 1522)
(2289, 1522)
(2288, 1521)
(2287, 1520)
(2286, 1519)
(2285, 1518)
(2284, 1517)
(2283, 1517)
(2282, 1517)
(2281, 1516)
(2280, 1516)
(2279, 1516)
(2278, 1516)
(2277, 1515)
(2276, 1514)
(2275, 1513)
(2274, 1512)
(2273, 1513)
(2272, 1512)
(2271, 1511)
(2270, 1510)
(2269, 1509)
(2268, 1508)
(2267, 1507)
(2266, 1506)
(2265, 1505)
(2265, 1504)
(2264, 1503)
(2263, 1502)
(2262, 1502)
(2261, 1501)
(2260, 1500)
(2259, 1499)
(2258, 1498)
(2258, 1497)
(2257, 1496)
(2256, 1495)
(2255, 1494)
(2254, 1493)
(2253, 1494)
(2252, 1494)
(2251, 1493)
(2250, 1492)
(2249, 1492)
(2248, 1491)
(2247, 1490)
(2246, 1489)
(2245, 1488)
(2244, 1487)
(2243, 1486)
(2242, 1485)
(2241, 1484)
(2240, 1483)
(2239, 1483)
(2238, 1482)
(2237, 1483)
(2236, 1482)
(2235, 1481)
(2234, 1481)
(2233, 1482)
(2232, 1483)
(2231, 1482)
(2230, 1482)
(2229, 1482)
(2228, 1482)
(2227, 1481)
(2226, 1480)
(2225, 1479)
(2224, 1478)
(2223, 1477)
(2222, 1476)
(2221, 1476)
(2220, 1476)
(2219, 1475)
(2218, 1474)
(2217, 1474)
(2216, 1473)
(2215, 1472)
(2214, 1473)
(2213, 1472)
(2212, 1471)
(2211, 1470)
(2210, 1470)
(2209, 1469)
(2208, 1468)
(2207, 1467)
(2206, 1466)
(2205, 1465)
(2204, 1465)
(2203, 1464)
(2202, 1464)
(2201, 1463)
(2200, 1462)
(2199, 1461)
(2198, 1460)
(2197, 1459)
(2196, 1458)
(2195, 1458)
(2194, 1458)
(2194, 1457)
(2193, 1457)
(2192, 1456)
(2191, 1455)
(2190, 1454)
(2189, 1453)
(2188, 1452)
(2187, 1451)
(2186, 1450)
(2185, 1449)
(2184, 1448)
(2183, 1447)
(2182, 1446)
(2181, 1446)
(2182, 1445)
(2181, 1444)
(2181, 1443)
(2180, 1442)
(2179, 1441)
(2178, 1440)
(2177, 1439)
(2176, 1438)
(2175, 1437)
(2174, 1436)
(2173, 1436)
(2172, 1435)
(2171, 1434)
(2170, 1433)
(2169, 1433)
(2168, 1432)
(2167, 1431)
(2166, 1430)
(2165, 1429)
(2164, 1429)
(2163, 1428)
(2162, 1427)
(2161, 1427)
(2160, 1427)
(2159, 1426)
(2158, 1425)
(2157, 1424)
(2157, 1423)
(2156, 1422)
(2155, 1421)
(2154, 1420)
(2153, 1419)
(2153, 1418)
(2153, 1417)
(2152, 1416)
(2151, 1415)
(2150, 1414)
(2151, 1413)
(2151, 1412)
(2151, 1411)
(2150, 1410)
(2149, 1409)
(2148, 1408)
(2147, 1407)
(2146, 1406)
(2145, 1405)
(2144, 1404)
(2143, 1403)
(2142, 1402)
(2141, 1401)
(2140, 1400)
(2139, 1399)
(2138, 1398)
(2137, 1397)
(2136, 1396)
(2135, 1395)
(2134, 1394)
(2133, 1393)
(2132, 1392)
(2131, 1391)
(2130, 1390)
(2129, 1389)
(2128, 1388)
(2127, 1387)
(2126, 1386)
(2125, 1385)
(2124, 1385)
(2123, 1384)
(2122, 1383)
(2121, 1382)
(2120, 1381)
(2119, 1380)
(2118, 1379)
(2117, 1378)
(2116, 1377)
(2115, 1377)
(2114, 1376)
(2113, 1375)
(2112, 1375)
(2111, 1375)
(2110, 1375)
(2109, 1375)
(2108, 1376)
(2107, 1375)
(2106, 1374)
(2105, 1374)
(2104, 1373)
(2103, 1372)
(2102, 1371)
(2101, 1370)
(2100, 1370)
(2099, 1370)
(2098, 1369)
(2097, 1368)
(2096, 1367)
(2095, 1366)
(2094, 1366)
(2093, 1365)
(2092, 1364)
(2091, 1363)
(2091, 1362)
(2090, 1361)
(2089, 1360)
(2088, 1359)
(2087, 1358)
(2086, 1357)
(2085, 1356)
(2084, 1355)
(2083, 1355)
(2082, 1356)
(2081, 1355)
(2080, 1354)
(2079, 1353)
(2078, 1352)
(2077, 1353)
(2076, 1353)
(2075, 1353)
(2074, 1352)
(2073, 1352)
(2072, 1352)
(2071, 1352)
(2070, 1352)
(2069, 1351)
(2068, 1350)
(2067, 1350)
(2066, 1351)
(2065, 1351)
(2064, 1350)
(2063, 1349)
(2062, 1348)
(2061, 1347)
(2060, 1346)
(2059, 1345)
(2058, 1344)
(2057, 1345)
(2056, 1345)
(2055, 1345)
(2054, 1345)
(2053, 1345)
(2052, 1346)
(2052, 1347)
(2051, 1348)
(2050, 1349)
(2049, 1349)
(2048, 1348)
(2047, 1347)
(2046, 1346)
(2045, 1345)
(2044, 1345)
(2043, 1345)
(2042, 1344)
(2041, 1343)
(2040, 1342)
(2039, 1341)
(2038, 1341)
(2037, 1341)
(2036, 1340)
(2035, 1339)
(2034, 1338)
(2033, 1338)
(2032, 1339)
(2031, 1338)
(2030, 1337)
(2029, 1336)
(2028, 1337)
(2027, 1338)
(2026, 1339)
(2025, 1339)
(2024, 1338)
(2023, 1337)
(2022, 1336)
(2021, 1337)
(2020, 1336)
(2019, 1335)
(2018, 1334)
(2017, 1333)
(2016, 1332)
(2015, 1331)
(2014, 1330)
(2013, 1330)
(2012, 1331)
(2011, 1332)
(2010, 1333)
(2009, 1334)
(2009, 1335)
(2008, 1336)
(2007, 1337)
(2006, 1336)
(2005, 1335)
(2004, 1335)
(2003, 1336)
(2002, 1336)
(2001, 1336)
(2000, 1335)
(1999, 1334)
(1998, 1335)
(1997, 1335)
(1996, 1334)
(1995, 1333)
(1994, 1332)
(1993, 1332)
(1992, 1331)
(1991, 1330)
(1990, 1329)
(1989, 1328)
(1988, 1327)
(1987, 1326)
(1986, 1325)
(1985, 1324)
(1984, 1323)
(1983, 1323)
(1982, 1322)
(1981, 1323)
(1980, 1324)
(1979, 1323)
(1978, 1322)
(1977, 1321)
(1976, 1320)
(1975, 1319)
(1974, 1318)
(1973, 1317)
(1972, 1316)
(1971, 1315)
(1970, 1314)
(1969, 1314)
(1968, 1315)
(1967, 1314)
(1966, 1313)
(1965, 1314)
(1964, 1314)
(1963, 1314)
(1962, 1315)
(1961, 1316)
(1960, 1317)
(1959, 1317)
(1958, 1317)
(1957, 1317)
(1956, 1317)
(1955, 1317)
(1954, 1317)
(1953, 1317)
(1952, 1316)
(1951, 1316)
(1951, 1317)
(1950, 1318)
(1949, 1319)
(1948, 1319)
(1947, 1318)
(1946, 1317)
(1945, 1318)
(1944, 1318)
(1943, 1318)
(1942, 1319)
(1941, 1320)
(1940, 1320)
(1939, 1319)
(1938, 1318)
(1937, 1317)
(1936, 1317)
(1935, 1316)
(1934, 1315)
(1933, 1315)
(1932, 1315)
(1931, 1315)
(1930, 1316)
(1929, 1316)
(1928, 1317)
(1927, 1317)
(1926, 1317)
(1925, 1317)
(1924, 1317)
(1923, 1317)
(1922, 1318)
(1921, 1318)
(1920, 1318)
(1919, 1318)
(1918, 1318)
(1917, 1317)
(1916, 1317)
(1915, 1317)
(1914, 1317)
(1913, 1318)
(1912, 1318)
(1911, 1318)
(1910, 1319)
(1909, 1320)
(1908, 1320)
(1907, 1321)
(1906, 1322)
(1905, 1322)
(1904, 1322)
(1903, 1323)
(1902, 1324)
(1902, 1325)
(1901, 1326)
(1900, 1327)
(1899, 1327)
(1898, 1327)
(1897, 1327)
(1896, 1327)
(1895, 1328)
(1894, 1328)
(1893, 1328)
(1892, 1328)
(1892, 1329)
(1893, 1330)
(1892, 1331)
(1893, 1331)
(1893, 1332)
(1893, 1333)
(1893, 1334)
(1893, 1335)
(1893, 1336)
(1893, 1337)
(1892, 1338)
(1892, 1339)
(1892, 1340)
(1892, 1341)
(1892, 1342)
(1891, 1343)
(1891, 1344)
(1890, 1345)
(1889, 1346)
(1888, 1346)
(1887, 1346)
(1887, 1347)
(1887, 1348)
(1886, 1349)
(1886, 1350)
(1886, 1351)
(1886, 1352)
(1887, 1353)
(1888, 1353)
(1888, 1354)
(1887, 1355)
(1886, 1356)
(1885, 1356)
(1884, 1356)
(1883, 1357)
(1882, 1357)
(1881, 1357)
(1880, 1358)
(1879, 1359)
(1878, 1359)
(1877, 1360)
(1876, 1360)
(1875, 1361)
(1874, 1362)
(1873, 1362)
(1872, 1363)
(1871, 1364)
(1870, 1364)
(1869, 1365)
(1868, 1366)
(1867, 1367)
(1866, 1367)
(1865, 1367)
(1864, 1367)
(1863, 1367)
(1864, 1368)
(1863, 1369)
(1862, 1369)
(1861, 1370)
(1860, 1370)
(1859, 1371)
(1859, 1372)
(1858, 1373)
(1857, 1374)
(1856, 1375)
(1856, 1376)
(1855, 1376)
(1854, 1376)
(1853, 1376)
(1853, 1377)
(1852, 1378)
(1851, 1379)
(1850, 1379)
(1851, 1380)
(1850, 1380)
(1849, 1380)
(1848, 1380)
(1847, 1381)
(1846, 1381)
(1845, 1382)
(1844, 1383)
(1843, 1383)
(1844, 1384)
(1843, 1385)
(1842, 1386)
(1841, 1386)
(1840, 1387)
(1839, 1387)
(1838, 1388)
(1837, 1389)
(1836, 1389)
(1836, 1390)
(1835, 1391)
(1834, 1392)
(1833, 1392)
(1834, 1393)
(1833, 1393)
(1832, 1393)
(1831, 1394)
(1830, 1395)
(1829, 1396)
(1828, 1396)
(1827, 1396)
(1826, 1396)
(1825, 1397)
(1824, 1398)
(1823, 1398)
(1823, 1399)
(1822, 1400)
(1821, 1400)
(1820, 1399)
(1819, 1398)
(1818, 1397)
(1817, 1397)
(1816, 1397)
(1815, 1397)
(1814, 1397)
(1813, 1397)
(1812, 1398)
(1811, 1398)
(1810, 1398)
(1809, 1399)
(1808, 1400)
(1807, 1400)
(1806, 1401)
(1805, 1402)
(1804, 1402)
(1803, 1401)
(1802, 1400)
(1801, 1399)
(1800, 1398)
(1799, 1398)
(1798, 1397)
(1797, 1396)
(1796, 1395)
(1795, 1395)
(1794, 1395)
(1793, 1395)
(1792, 1394)
(1791, 1394)
(1790, 1394)
(1789, 1394)
(1788, 1394)
(1787, 1394)
(1786, 1394)
(1785, 1394)
(1784, 1395)
(1783, 1395)
(1782, 1395)
(1781, 1395)
(1780, 1395)
(1779, 1395)
(1778, 1395)
(1777, 1395)
(1776, 1395)
(1775, 1396)
(1774, 1396)
(1773, 1396)
(1772, 1396)
(1771, 1397)
(1770, 1397)
(1769, 1397)
(1768, 1397)
(1767, 1397)
(1766, 1398)
(1765, 1398)
(1764, 1399)
(1764, 1400)
(1763, 1400)
(1762, 1400)
(1761, 1400)
(1762, 1401)
(1763, 1402)
(1764, 1403)
(1764, 1404)
(1765, 1405)
(1764, 1406)
(1765, 1407)
(1764, 1408)
(1763, 1409)
(1764, 1409)
(1764, 1410)
(1765, 1411)
(1766, 1411)
(1767, 1412)
(1767, 1413)
(1767, 1414)
(1766, 1415)
(1766, 1416)
(1766, 1417)
(1767, 1418)
(1767, 1419)
(1767, 1420)
(1767, 1421)
(1767, 1422)
(1767, 1423)
(1766, 1424)
(1765, 1425)
(1765, 1426)
(1765, 1427)
(1764, 1428)
(1764, 1429)
(1765, 1430)
(1764, 1431)
(1765, 1432)
(1766, 1433)
(1766, 1434)
(1767, 1434)
(1767, 1435)
(1768, 1436)
(1769, 1436)
(1769, 1437)
(1769, 1438)
(1768, 1439)
(1769, 1440)
(1769, 1441)
(1770, 1441)
(1770, 1442)
