(8343, 5484)
(8342, 5483)
(8341, 5482)
(8340, 5481)
(8339, 5480)
(8338, 5479)
(8337, 5478)
(8336, 5477)
(8335, 5477)
(8334, 5477)
(8333, 5476)
(8332, 5475)
(8331, 5475)
(8330, 5474)
(8329, 5474)
(8328, 5474)
(8327, 5473)
(8327, 5472)
(8327, 5471)
(8326, 5470)
(8326, 5469)
(8326, 5468)
(8327, 5468)
(8327, 5467)
(8326, 5466)
(8325, 5465)
(8324, 5464)
(8323, 5463)
(8322, 5462)
(8321, 5461)
(8320, 5460)
(8319, 5459)
(8320, 5458)
(8319, 5457)
(8318, 5456)
(8317, 5455)
(8316, 5454)
(8315, 5454)
(8314, 5453)
(8313, 5452)
(8312, 5451)
(8311, 5450)
(8310, 5449)
(8309, 5448)
(8308, 5447)
(8307, 5446)
(8306, 5445)
(8305, 5444)
(8304, 5443)
(8303, 5442)
(8302, 5442)
(8301, 5441)
(8300, 5441)
(8299, 5440)
(8298, 5439)
(8297, 5438)
(8296, 5437)
(8295, 5436)
(8294, 5435)
(8293, 5434)
(8292, 5433)
(8291, 5432)
(8290, 5431)
(8289, 5430)
(8288, 5429)
(8287, 5428)
(8286, 5427)
(8285, 5428)
(8284, 5427)
(8283, 5426)
(8282, 5425)
(8281, 5424)
(8280, 5423)
(8279, 5422)
(8278, 5422)
(8279, 5421)
(8278, 5421)
(8277, 5420)
(8277, 5419)
(8278, 5419)
(8277, 5418)
(8276, 5417)
(8276, 5416)
(8276, 5415)
(8276, 5414)
(8276, 5413)
(8276, 5412)
(8277, 5411)
(8277, 5412)
(8278, 5411)
(8279, 5410)
(8279, 5409)
(8280, 5408)
(8281, 5407)
(8281, 5406)
(8280, 5405)
(8280, 5404)
(8280, 5403)
(8280, 5402)
(8281, 5401)
(8281, 5400)
(8282, 5400)
(8281, 5399)
(8280, 5399)
(8279, 5399)
(8278, 5398)
(8278, 5397)
(8277, 5397)
(8276, 5396)
(8275, 5395)
(8275, 5394)
(8274, 5393)
(8273, 5393)
(8272, 5393)
(8271, 5392)
(8270, 5391)
(8269, 5390)
(8268, 5389)
(8267, 5388)
(8266, 5387)
(8265, 5386)
(8264, 5385)
(8263, 5384)
(8263, 5383)
(8263, 5382)
(8262, 5381)
(8261, 5380)
(8260, 5379)
(8259, 5378)
(8258, 5377)
(8257, 5376)
(8256, 5375)
(8255, 5374)
(8254, 5373)
(8253, 5372)
(8252, 5371)
(8252, 5370)
(8251, 5369)
(8251, 5368)
(8250, 5367)
(8250, 5366)
(8249, 5365)
(8249, 5364)
(8250, 5363)
(8251, 5362)
(8251, 5361)
(8251, 5360)
(8250, 5359)
(8249, 5359)
(8250, 5358)
(8250, 5357)
(8250, 5356)
(8249, 5355)
(8248, 5354)
(8247, 5353)
(8246, 5352)
(8245, 5351)
(8244, 5350)
(8243, 5349)
(8242, 5348)
(8241, 5347)
(8240, 5346)
(8239, 5345)
(8238, 5344)
(8237, 5343)
(8236, 5342)
(8237, 5341)
(8236, 5340)
(8235, 5339)
(8235, 5338)
(8235, 5337)
(8236, 5337)
(8235, 5336)
(8235, 5335)
(8236, 5334)
(8236, 5333)
(8236, 5332)
(8235, 5331)
(8235, 5330)
(8235, 5329)
(8235, 5328)
(8235, 5327)
(8235, 5326)
(8235, 5325)
(8234, 5324)
(8233, 5323)
(8232, 5322)
(8231, 5321)
(8230, 5320)
(8230, 5319)
(8231, 5318)
(8232, 5317)
(8233, 5316)
(8233, 5315)
(8233, 5314)
(8232, 5313)
(8231, 5312)
(8230, 5311)
(8229, 5310)
(8228, 5309)
(8227, 5308)
(8226, 5307)
(8226, 5306)
(8226, 5305)
(8225, 5304)
(8224, 5303)
(8223, 5302)
(8223, 5301)
(8223, 5300)
(8222, 5299)
(8221, 5298)
(8220, 5297)
(8219, 5296)
(8218, 5295)
(8217, 5294)
(8216, 5293)
(8215, 5292)
(8214, 5291)
(8213, 5290)
(8212, 5289)
(8211, 5288)
(8210, 5287)
(8209, 5286)
(8208, 5285)
(8207, 5284)
(8206, 5283)
(8205, 5282)
(8204, 5282)
(8203, 5282)
(8204, 5281)
(8204, 5280)
(8205, 5279)
(8205, 5280)
(8206, 5279)
(8206, 5278)
(8207, 5277)
(8206, 5276)
(8206, 5275)
(8205, 5274)
(8204, 5273)
(8203, 5272)
(8202, 5272)
(8201, 5271)
(8200, 5270)
(8199, 5269)
(8198, 5268)
(8197, 5267)
(8196, 5266)
(8195, 5265)
(8194, 5264)
(8193, 5263)
(8193, 5262)
(8193, 5261)
(8194, 5260)
(8194, 5259)
(8195, 5259)
(8195, 5260)
(8196, 5260)
(8196, 5259)
(8197, 5259)
(8197, 5258)
(8197, 5257)
(8197, 5256)
(8197, 5255)
(8198, 5254)
(8198, 5253)
(8198, 5252)
(8198, 5251)
(8198, 5250)
(8197, 5249)
(8196, 5249)
(8195, 5249)
(8194, 5248)
(8194, 5247)
(8193, 5246)
(8193, 5245)
(8192, 5244)
(8192, 5243)
(8193, 5243)
(8193, 5242)
(8192, 5241)
(8191, 5240)
(8190, 5239)
(8189, 5238)
(8188, 5237)
(8187, 5236)
(8187, 5235)
(8187, 5234)
(8187, 5233)
(8186, 5232)
(8185, 5231)
(8184, 5230)
(8183, 5229)
(8182, 5228)
(8181, 5227)
(8180, 5226)
(8179, 5225)
(8178, 5225)
(8177, 5224)
(8176, 5223)
(8175, 5223)
(8174, 5222)
(8173, 5221)
(8173, 5220)
(8173, 5219)
(8173, 5218)
(8173, 5217)
(8172, 5216)
(8172, 5215)
(8172, 5214)
(8171, 5213)
(8170, 5212)
(8170, 5211)
(8170, 5210)
(8169, 5209)
(8168, 5208)
(8167, 5207)
(8166, 5206)
(8165, 5205)
(8164, 5204)
(8163, 5203)
(8162, 5202)
(8161, 5201)
(8160, 5200)
(8159, 5200)
(8158, 5199)
(8157, 5198)
(8156, 5197)
(8155, 5196)
(8154, 5195)
(8153, 5194)
(8152, 5193)
(8151, 5193)
(8150, 5193)
(8149, 5194)
(8148, 5193)
(8147, 5194)
(8146, 5193)
(8145, 5192)
(8144, 5191)
(8143, 5190)
(8142, 5189)
(8141, 5188)
(8140, 5189)
(8139, 5188)
(8138, 5189)
(8137, 5189)
(8136, 5188)
(8135, 5187)
(8134, 5187)
(8133, 5187)
(8132, 5186)
(8131, 5185)
(8130, 5184)
(8129, 5184)
(8128, 5183)
(8127, 5182)
(8126, 5182)
(8125, 5182)
(8124, 5181)
(8123, 5181)
(8122, 5180)
(8121, 5179)
(8120, 5178)
(8119, 5177)
(8118, 5176)
(8117, 5175)
(8116, 5174)
(8115, 5173)
(8114, 5172)
(8113, 5171)
(8112, 5170)
(8111, 5169)
(8110, 5168)
(8109, 5167)
(8108, 5167)
(8107, 5166)
(8106, 5165)
(8105, 5164)
(8104, 5163)
(8103, 5162)
(8102, 5161)
(8101, 5160)
(8100, 5159)
(8099, 5158)
(8098, 5157)
(8097, 5156)
(8096, 5155)
(8095, 5154)
(8094, 5153)
(8093, 5153)
(8092, 5153)
(8091, 5153)
(8090, 5152)
(8089, 5151)
(8088, 5151)
(8087, 5150)
(8086, 5149)
(8085, 5148)
(8084, 5148)
(8083, 5148)
(8082, 5147)
(8081, 5146)
(8080, 5146)
(8079, 5146)
(8078, 5146)
(8077, 5146)
(8076, 5146)
(8075, 5146)
(8074, 5147)
(8073, 5148)
(8072, 5148)
(8071, 5147)
(8070, 5146)
(8069, 5145)
(8068, 5144)
(8067, 5143)
(8066, 5142)
(8065, 5143)
(8064, 5143)
(8063, 5142)
(8062, 5142)
(8061, 5141)
(8060, 5142)
(8059, 5141)
(8058, 5140)
(8057, 5139)
(8056, 5139)
(8055, 5140)
(8054, 5141)
(8053, 5141)
(8052, 5141)
(8051, 5141)
(8050, 5142)
(8049, 5143)
(8048, 5143)
(8047, 5144)
(8047, 5145)
(8046, 5146)
(8045, 5146)
(8044, 5146)
(8043, 5146)
(8043, 5147)
(8042, 5148)
(8041, 5148)
(8041, 5149)
(8042, 5149)
(8041, 5150)
(8040, 5150)
(8039, 5150)
(8038, 5150)
(8037, 5149)
(8036, 5148)
(8035, 5147)
(8034, 5146)
(8033, 5145)
(8032, 5144)
(8031, 5143)
(8030, 5142)
(8029, 5141)
(8028, 5140)
(8027, 5139)
(8026, 5138)
(8025, 5137)
(8024, 5136)
(8023, 5135)
(8022, 5134)
(8021, 5133)
(8020, 5132)
(8019, 5131)
(8018, 5130)
(8017, 5129)
(8016, 5128)
(8015, 5127)
(8014, 5126)
(8013, 5125)
(8012, 5125)
(8011, 5125)
(8010, 5124)
(8009, 5123)
(8008, 5122)
(8007, 5121)
(8006, 5120)
(8005, 5119)
(8004, 5118)
(8003, 5117)
(8002, 5116)
(8001, 5115)
(8000, 5114)
(7999, 5113)
(7998, 5112)
(7997, 5113)
(7996, 5112)
(7995, 5111)
(7994, 5110)
(7993, 5109)
(7992, 5108)
(7991, 5107)
(7990, 5106)
(7989, 5105)
(7988, 5104)
(7987, 5103)
(7986, 5102)
(7985, 5102)
(7984, 5101)
(7983, 5100)
(7982, 5100)
(7981, 5099)
(7980, 5098)
(7979, 5098)
(7978, 5097)
(7977, 5096)
(7976, 5095)
(7975, 5094)
(7974, 5093)
(7973, 5093)
(7972, 5093)
(7971, 5092)
(7970, 5091)
(7969, 5092)
(7968, 5092)
(7967, 5091)
(7966, 5090)
(7965, 5089)
(7964, 5090)
(7963, 5089)
(7962, 5088)
(7961, 5087)
(7960, 5086)
(7959, 5085)
(7958, 5084)
(7957, 5083)
(7956, 5084)
(7955, 5084)
(7954, 5083)
(7953, 5082)
(7952, 5081)
(7951, 5080)
(7950, 5079)
(7949, 5078)
(7948, 5078)
(7947, 5077)
(7946, 5076)
(7945, 5075)
(7944, 5074)
(7943, 5074)
(7942, 5073)
(7941, 5072)
(7940, 5071)
(7939, 5070)
(7939, 5069)
(7938, 5068)
(7938, 5067)
(7938, 5066)
(7938, 5065)
(7937, 5064)
(7936, 5063)
(7935, 5062)
(7934, 5062)
(7933, 5061)
(7932, 5061)
(7931, 5060)
(7930, 5059)
(7929, 5058)
(7929, 5057)
(7928, 5056)
(7927, 5055)
(7926, 5054)
(7925, 5053)
(7924, 5052)
(7923, 5051)
(7923, 5050)
(7922, 5049)
(7921, 5048)
(7920, 5047)
(7919, 5046)
(7918, 5045)
(7917, 5044)
(7916, 5043)
(7915, 5042)
(7914, 5041)
(7913, 5041)
(7912, 5040)
(7911, 5039)
(7911, 5038)
(7912, 5037)
(7913, 5036)
(7913, 5035)
(7913, 5034)
(7914, 5033)
(7914, 5032)
(7914, 5031)
(7914, 5030)
(7913, 5029)
(7912, 5028)
(7911, 5027)
(7910, 5026)
(7909, 5025)
(7908, 5024)
(7907, 5023)
(7907, 5022)
(7906, 5021)
(7907, 5020)
(7906, 5019)
(7906, 5018)
(7906, 5017)
(7906, 5016)
(7907, 5015)
(7908, 5014)
(7907, 5013)
(7907, 5012)
(7907, 5011)
(7907, 5010)
(7907, 5009)
(7908, 5009)
(7907, 5008)
(7906, 5007)
(7905, 5006)
(7904, 5005)
(7903, 5004)
(7902, 5003)
(7901, 5003)
(7901, 5002)
(7900, 5001)
(7899, 5000)
(7898, 5000)
(7897, 4999)
(7897, 4998)
(7897, 4997)
(7896, 4996)
(7895, 4995)
(7895, 4994)
(7894, 4993)
(7893, 4992)
(7892, 4991)
(7891, 4990)
(7890, 4989)
(7889, 4988)
(7888, 4987)
(7887, 4986)
(7887, 4985)
(7886, 4984)
(7885, 4983)
(7884, 4982)
(7883, 4982)
(7882, 4981)
(7881, 4980)
(7880, 4979)
(7879, 4978)
(7878, 4977)
(7877, 4976)
(7876, 4975)
(7875, 4974)
(7874, 4973)
(7873, 4972)
(7872, 4971)
(7871, 4970)
(7870, 4969)
(7869, 4968)
(7868, 4967)
(7867, 4966)
(7866, 4966)
(7865, 4965)
(7864, 4964)
(7863, 4963)
(7862, 4962)
(7861, 4961)
(7860, 4960)
(7859, 4959)
(7858, 4958)
(7857, 4957)
(7856, 4956)
(7857, 4956)
(7856, 4955)
(7855, 4954)
(7854, 4953)
(7853, 4952)
(7852, 4951)
(7852, 4950)
(7851, 4949)
(7850, 4948)
(7850, 4947)
(7849, 4946)
(7848, 4946)
(7847, 4946)
(7846, 4946)
(7845, 4945)
(7844, 4944)
(7843, 4943)
(7842, 4943)
(7841, 4942)
(7840, 4941)
(7839, 4940)
(7838, 4939)
(7837, 4938)
(7836, 4939)
(7835, 4940)
(7834, 4940)
(7833, 4940)
(7832, 4940)
(7831, 4939)
(7830, 4938)
(7829, 4937)
(7828, 4936)
(7827, 4937)
(7826, 4936)
(7825, 4935)
(7824, 4935)
(7823, 4934)
(7822, 4933)
(7821, 4932)
(7820, 4931)
(7819, 4930)
(7818, 4929)
(7817, 4928)
(7816, 4927)
(7815, 4926)
(7814, 4925)
(7813, 4924)
(7812, 4923)
(7811, 4922)
(7810, 4921)
(7809, 4920)
(7808, 4919)
(7807, 4919)
(7806, 4918)
(7805, 4917)
(7804, 4917)
(7803, 4916)
(7802, 4915)
(7801, 4914)
(7800, 4913)
(7799, 4912)
(7798, 4912)
(7797, 4912)
(7796, 4912)
(7795, 4912)
(7794, 4912)
(7793, 4913)
(7792, 4913)
(7791, 4912)
(7790, 4912)
(7789, 4911)
(7788, 4910)
(7787, 4911)
(7786, 4910)
(7785, 4910)
(7784, 4910)
(7783, 4910)
(7782, 4910)
(7781, 4910)
(7780, 4911)
(7779, 4911)
(7778, 4911)
(7777, 4911)
(7776, 4911)
(7775, 4910)
(7774, 4911)
(7773, 4910)
(7772, 4909)
(7771, 4908)
(7770, 4907)
(7769, 4907)
(7769, 4908)
(7768, 4908)
(7767, 4907)
(7766, 4907)
(7765, 4908)
(7765, 4909)
(7764, 4908)
(7763, 4907)
(7762, 4907)
(7761, 4906)
(7760, 4905)
(7759, 4905)
(7758, 4905)
(7757, 4906)
(7756, 4906)
(7755, 4905)
(7754, 4904)
(7754, 4905)
(7753, 4905)
(7752, 4905)
(7751, 4905)
(7750, 4906)
(7749, 4906)
(7748, 4906)
(7747, 4905)
(7746, 4904)
(7745, 4903)
(7744, 4902)
(7743, 4901)
(7742, 4900)
(7742, 4901)
(7741, 4901)
(7740, 4901)
(7739, 4902)
(7738, 4902)
(7737, 4901)
(7736, 4900)
(7735, 4900)
(7734, 4899)
(7733, 4898)
(7732, 4897)
(7731, 4897)
(7730, 4897)
(7729, 4897)
(7728, 4898)
(7727, 4898)
(7726, 4898)
(7725, 4897)
(7724, 4897)
(7723, 4897)
(7722, 4896)
(7721, 4895)
(7720, 4895)
(7719, 4895)
(7719, 4896)
(7718, 4896)
(7717, 4896)
(7716, 4895)
(7715, 4895)
(7714, 4894)
(7713, 4893)
(7712, 4894)
(7711, 4894)
(7710, 4894)
(7710, 4895)
(7709, 4895)
(7708, 4896)
(7707, 4897)
(7706, 4897)
(7705, 4897)
(7704, 4897)
(7703, 4897)
(7702, 4897)
(7702, 4898)
(7702, 4899)
(7701, 4900)
(7700, 4900)
(7699, 4900)
(7699, 4901)
(7699, 4902)
(7700, 4902)
(7699, 4903)
(7698, 4904)
(7697, 4905)
(7696, 4906)
(7697, 4906)
(7698, 4906)
(7698, 4907)
(7697, 4907)
(7696, 4907)
(7695, 4907)
(7695, 4908)
(7694, 4908)
(7693, 4908)
(7692, 4907)
(7691, 4906)
(7690, 4905)
(7689, 4904)
(7688, 4904)
(7687, 4903)
(7686, 4902)
(7685, 4901)
(7684, 4901)
(7683, 4900)
(7682, 4899)
(7681, 4899)
(7680, 4898)
(7679, 4897)
(7678, 4896)
(7677, 4895)
(7676, 4894)
(7675, 4893)
(7674, 4892)
(7673, 4892)
(7672, 4893)
(7671, 4893)
(7670, 4892)
(7669, 4891)
(7668, 4890)
(7667, 4889)
(7666, 4889)
(7665, 4888)
(7664, 4888)
(7663, 4887)
(7662, 4886)
(7661, 4885)
(7660, 4885)
(7659, 4884)
(7658, 4884)
(7657, 4883)
(7656, 4882)
(7655, 4881)
(7654, 4880)
(7653, 4880)
(7653, 4881)
(7652, 4881)
(7651, 4881)
(7650, 4881)
(7649, 4880)
(7648, 4879)
(7647, 4878)
(7646, 4877)
(7645, 4876)
(7644, 4875)
(7643, 4874)
(7642, 4874)
(7641, 4873)
(7640, 4872)
(7639, 4872)
(7638, 4873)
(7637, 4872)
(7636, 4872)
(7635, 4872)
(7634, 4873)
(7633, 4874)
(7632, 4874)
(7631, 4874)
(7630, 4874)
(7629, 4873)
(7628, 4873)
(7627, 4873)
(7626, 4873)
(7625, 4872)
(7625, 4871)
(7624, 4872)
(7623, 4873)
(7622, 4873)
(7621, 4872)
(7620, 4871)
(7619, 4871)
(7618, 4870)
(7617, 4869)
(7616, 4868)
(7615, 4867)
(7614, 4866)
(7613, 4865)
(7612, 4864)
(7611, 4863)
(7610, 4862)
(7609, 4861)
(7608, 4860)
(7607, 4859)
(7606, 4858)
(7605, 4858)
(7605, 4859)
(7604, 4858)
(7603, 4858)
(7602, 4857)
(7601, 4856)
(7600, 4855)
(7599, 4854)
(7598, 4854)
(7597, 4854)
(7596, 4853)
(7595, 4852)
(7594, 4852)
(7593, 4853)
(7592, 4852)
(7591, 4851)
(7590, 4850)
(7589, 4850)
(7588, 4849)
(7587, 4848)
(7586, 4847)
(7585, 4847)
(7584, 4847)
(7583, 4848)
(7582, 4849)
(7581, 4848)
(7580, 4848)
(7579, 4848)
(7578, 4849)
(7577, 4848)
(7576, 4847)
(7575, 4847)
(7574, 4847)
(7573, 4847)
(7572, 4846)
(7571, 4846)
(7570, 4846)
(7569, 4845)
(7568, 4845)
(7567, 4844)
(7566, 4844)
(7565, 4843)
(7564, 4843)
(7563, 4843)
(7562, 4843)
(7561, 4843)
(7561, 4844)
(7560, 4845)
(7559, 4844)
(7558, 4843)
(7557, 4843)
(7556, 4842)
(7555, 4841)
(7554, 4840)
(7553, 4839)
(7552, 4838)
(7551, 4837)
(7550, 4837)
(7549, 4837)
(7548, 4836)
(7547, 4836)
(7546, 4836)
(7545, 4835)
(7544, 4834)
(7543, 4833)
(7542, 4832)
(7541, 4832)
(7540, 4833)
(7539, 4834)
(7538, 4834)
(7537, 4834)
(7536, 4834)
(7535, 4833)
(7534, 4832)
(7533, 4831)
(7532, 4830)
(7531, 4830)
(7530, 4829)
(7529, 4828)
(7528, 4827)
(7527, 4826)
(7526, 4827)
(7525, 4827)
(7524, 4826)
(7523, 4825)
(7522, 4824)
(7521, 4823)
(7520, 4822)
(7519, 4821)
(7518, 4820)
(7517, 4819)
(7516, 4818)
(7515, 4817)
(7514, 4816)
(7513, 4816)
(7512, 4816)
(7511, 4815)
(7510, 4816)
(7509, 4816)
(7508, 4815)
(7507, 4815)
(7506, 4815)
(7505, 4814)
(7504, 4813)
(7503, 4813)
(7502, 4812)
(7501, 4811)
(7500, 4810)
(7499, 4810)
(7498, 4810)
(7497, 4809)
(7496, 4808)
(7495, 4807)
(7494, 4807)
(7493, 4806)
(7492, 4806)
(7491, 4805)
(7490, 4804)
(7489, 4803)
(7488, 4802)
(7487, 4801)
(7486, 4800)
(7485, 4799)
(7484, 4798)
(7483, 4797)
(7482, 4796)
(7481, 4795)
(7480, 4794)
(7479, 4793)
(7478, 4792)
(7477, 4792)
(7476, 4791)
(7475, 4790)
(7474, 4789)
(7473, 4788)
(7472, 4787)
(7471, 4786)
(7470, 4786)
(7469, 4785)
(7468, 4784)
(7467, 4784)
(7466, 4783)
(7465, 4782)
(7464, 4782)
(7463, 4781)
(7462, 4780)
(7461, 4779)
(7460, 4778)
(7459, 4777)
(7458, 4776)
(7457, 4776)
(7456, 4775)
(7455, 4774)
(7454, 4773)
(7453, 4772)
(7452, 4771)
(7451, 4770)
(7450, 4769)
(7449, 4768)
(7448, 4767)
(7447, 4766)
(7446, 4765)
(7445, 4764)
(7444, 4763)
(7443, 4762)
(7442, 4761)
(7441, 4761)
(7440, 4761)
(7439, 4760)
(7438, 4759)
(7437, 4758)
(7436, 4757)
(7435, 4756)
(7434, 4755)
(7433, 4754)
(7432, 4753)
(7431, 4752)
(7430, 4752)
(7429, 4751)
(7428, 4750)
(7427, 4749)
(7426, 4748)
(7425, 4747)
(7424, 4748)
(7423, 4748)
(7422, 4748)
(7421, 4747)
(7420, 4747)
(7419, 4746)
(7418, 4746)
(7417, 4746)
(7416, 4745)
(7415, 4744)
(7414, 4744)
(7413, 4743)
(7412, 4742)
(7411, 4741)
(7410, 4740)
(7409, 4739)
(7408, 4738)
(7407, 4737)
(7406, 4736)
(7405, 4735)
(7404, 4735)
(7403, 4735)
(7402, 4735)
(7401, 4735)
(7400, 4736)
(7399, 4736)
(7398, 4736)
(7397, 4736)
(7396, 4736)
(7395, 4735)
(7394, 4734)
(7393, 4733)
(7392, 4733)
(7391, 4733)
(7390, 4733)
(7389, 4733)
(7388, 4734)
(7387, 4735)
(7386, 4735)
(7385, 4736)
(7384, 4736)
(7383, 4735)
(7382, 4734)
(7381, 4733)
(7380, 4732)
(7379, 4731)
(7378, 4731)
(7377, 4731)
(7376, 4730)
(7375, 4730)
(7374, 4729)
(7373, 4728)
(7372, 4728)
(7371, 4727)
(7370, 4728)
(7369, 4729)
(7368, 4729)
(7367, 4728)
(7366, 4728)
(7365, 4727)
(7364, 4728)
(7363, 4729)
(7362, 4729)
(7361, 4728)
(7360, 4727)
(7359, 4726)
(7358, 4725)
(7357, 4725)
(7356, 4725)
(7355, 4725)
(7354, 4725)
(7353, 4725)
(7352, 4725)
(7351, 4725)
(7350, 4725)
(7349, 4725)
(7348, 4725)
(7347, 4725)
(7346, 4725)
(7345, 4725)
(7344, 4725)
(7343, 4725)
(7342, 4725)
(7341, 4724)
(7340, 4723)
(7339, 4722)
(7338, 4721)
(7337, 4720)
(7336, 4719)
(7335, 4718)
(7334, 4718)
(7333, 4718)
(7332, 4718)
(7331, 4717)
(7330, 4717)
(7329, 4718)
(7328, 4717)
(7327, 4718)
(7326, 4719)
(7325, 4720)
(7324, 4721)
(7323, 4721)
(7322, 4720)
(7321, 4719)
(7320, 4718)
(7319, 4717)
(7318, 4716)
(7317, 4715)
(7316, 4716)
(7315, 4717)
(7314, 4717)
(7313, 4717)
(7312, 4716)
(7311, 4715)
(7310, 4714)
(7309, 4713)
(7308, 4712)
(7307, 4711)
(7306, 4710)
(7305, 4709)
(7304, 4708)
(7303, 4707)
(7302, 4706)
(7301, 4706)
(7300, 4705)
(7299, 4704)
(7298, 4703)
(7297, 4702)
(7296, 4702)
(7295, 4702)
(7294, 4702)
(7293, 4702)
(7292, 4702)
(7291, 4701)
(7290, 4700)
(7289, 4699)
(7288, 4698)
(7287, 4698)
(7286, 4697)
(7285, 4697)
(7284, 4696)
(7283, 4695)
(7282, 4694)
(7281, 4693)
(7280, 4692)
(7279, 4691)
(7278, 4690)
(7277, 4689)
(7276, 4688)
(7275, 4687)
(7274, 4686)
(7273, 4685)
(7272, 4684)
(7271, 4683)
(7270, 4682)
(7269, 4681)
(7268, 4681)
(7267, 4680)
(7266, 4679)
(7265, 4678)
(7264, 4678)
(7263, 4678)
(7262, 4677)
(7261, 4676)
(7260, 4675)
(7259, 4674)
(7258, 4673)
(7257, 4673)
(7256, 4672)
(7255, 4671)
(7254, 4671)
(7253, 4670)
(7252, 4669)
(7251, 4668)
(7250, 4667)
(7249, 4667)
(7248, 4667)
(7247, 4666)
(7246, 4666)
(7245, 4665)
(7244, 4664)
(7243, 4663)
(7242, 4662)
(7241, 4661)
(7240, 4660)
(7239, 4659)
(7238, 4658)
(7237, 4657)
(7236, 4657)
(7235, 4656)
(7234, 4655)
(7233, 4654)
(7232, 4653)
(7231, 4652)
(7230, 4651)
(7229, 4650)
(7228, 4649)
(7227, 4648)
(7226, 4647)
(7225, 4647)
(7224, 4647)
(7223, 4647)
(7222, 4647)
(7221, 4646)
(7220, 4645)
(7219, 4645)
(7218, 4644)
(7217, 4644)
(7216, 4643)
(7215, 4642)
(7214, 4641)
(7213, 4640)
(7212, 4639)
(7211, 4639)
(7210, 4638)
(7209, 4638)
(7208, 4638)
(7207, 4638)
(7206, 4638)
(7205, 4638)
(7204, 4638)
(7203, 4637)
(7202, 4637)
(7201, 4637)
(7200, 4636)
(7199, 4635)
(7198, 4634)
(7197, 4634)
(7196, 4633)
(7195, 4632)
(7194, 4631)
(7193, 4630)
(7192, 4631)
(7191, 4630)
(7190, 4630)
(7189, 4629)
(7188, 4628)
(7187, 4628)
(7186, 4627)
(7185, 4626)
(7184, 4625)
(7183, 4624)
(7182, 4623)
(7181, 4622)
(7180, 4621)
(7179, 4621)
(7178, 4620)
(7177, 4619)
(7176, 4619)
(7175, 4618)
(7174, 4618)
(7173, 4618)
(7172, 4618)
(7171, 4618)
(7170, 4618)
(7169, 4618)
(7168, 4617)
(7167, 4616)
(7166, 4615)
(7165, 4616)
(7164, 4615)
(7163, 4616)
(7162, 4615)
(7162, 4614)
(7161, 4613)
(7160, 4612)
(7159, 4611)
(7158, 4611)
(7157, 4611)
(7156, 4610)
(7155, 4610)
(7154, 4609)
(7153, 4608)
(7152, 4607)
(7151, 4606)
(7150, 4605)
(7149, 4604)
(7148, 4603)
(7147, 4602)
(7146, 4601)
(7145, 4601)
(7144, 4600)
(7143, 4600)
(7142, 4599)
(7141, 4598)
(7140, 4597)
(7139, 4596)
(7138, 4595)
(7137, 4594)
(7136, 4594)
(7136, 4593)
(7135, 4593)
(7134, 4593)
(7133, 4593)
(7132, 4592)
(7131, 4591)
(7130, 4590)
(7129, 4589)
(7128, 4588)
(7127, 4587)
(7126, 4587)
(7125, 4586)
(7124, 4585)
(7123, 4584)
(7122, 4583)
(7121, 4582)
(7120, 4581)
(7119, 4581)
(7118, 4581)
(7117, 4581)
(7116, 4581)
(7115, 4580)
(7114, 4579)
(7113, 4578)
(7112, 4578)
(7111, 4578)
(7110, 4577)
(7109, 4576)
(7108, 4575)
(7107, 4574)
(7106, 4573)
(7105, 4572)
(7104, 4571)
(7103, 4570)
(7102, 4569)
(7101, 4568)
(7100, 4567)
(7099, 4566)
(7098, 4567)
(7097, 4566)
(7096, 4565)
(7095, 4564)
(7094, 4564)
(7093, 4564)
(7092, 4563)
(7091, 4563)
(7090, 4562)
(7089, 4561)
(7088, 4560)
(7087, 4559)
(7086, 4559)
(7085, 4559)
(7084, 4558)
(7083, 4557)
(7082, 4556)
(7081, 4555)
(7080, 4554)
(7079, 4553)
(7078, 4552)
(7077, 4551)
(7076, 4550)
(7075, 4549)
(7074, 4548)
(7073, 4547)
(7072, 4547)
(7071, 4547)
(7070, 4546)
(7069, 4545)
(7068, 4544)
(7067, 4543)
(7066, 4542)
(7065, 4541)
(7064, 4540)
(7063, 4539)
(7062, 4538)
(7062, 4537)
(7061, 4536)
(7060, 4535)
(7060, 4534)
(7060, 4533)
(7060, 4532)
(7059, 4531)
(7058, 4530)
(7057, 4529)
(7056, 4528)
(7055, 4527)
(7055, 4526)
(7055, 4525)
(7055, 4524)
(7055, 4523)
(7054, 4522)
(7054, 4521)
(7055, 4520)
(7056, 4520)
(7056, 4519)
(7056, 4518)
(7056, 4517)
(7056, 4516)
(7056, 4515)
(7055, 4514)
(7054, 4513)
(7053, 4512)
(7052, 4512)
(7051, 4511)
(7050, 4511)
(7049, 4510)
(7048, 4509)
(7047, 4508)
(7046, 4507)
(7045, 4506)
(7044, 4505)
(7043, 4504)
(7042, 4503)
(7041, 4503)
(7042, 4502)
(7041, 4501)
(7041, 4500)
(7040, 4499)
(7039, 4498)
(7038, 4497)
(7037, 4496)
(7036, 4495)
(7035, 4494)
(7034, 4493)
(7033, 4492)
(7034, 4491)
(7034, 4490)
(7034, 4489)
(7034, 4488)
(7033, 4487)
(7032, 4486)
(7031, 4486)
(7032, 4485)
(7032, 4484)
(7031, 4483)
(7030, 4482)
(7029, 4481)
(7029, 4480)
(7029, 4479)
(7029, 4478)
(7028, 4477)
(7027, 4476)
(7026, 4475)
(7025, 4474)
(7024, 4473)
(7023, 4472)
(7022, 4471)
(7021, 4470)
(7020, 4469)
(7020, 4468)
(7020, 4467)
(7020, 4466)
(7019, 4465)
(7018, 4464)
(7017, 4463)
(7016, 4462)
(7015, 4461)
(7014, 4460)
(7013, 4459)
(7014, 4458)
(7013, 4457)
(7013, 4456)
(7012, 4455)
(7013, 4454)
(7012, 4454)
(7012, 4453)
(7011, 4452)
(7011, 4451)
(7010, 4450)
(7009, 4449)
(7008, 4448)
(7007, 4447)
(7006, 4446)
(7005, 4446)
(7004, 4445)
(7003, 4444)
(7002, 4444)
(7001, 4443)
(7000, 4442)
(6999, 4441)
(6998, 4441)
(6999, 4440)
(7000, 4439)
(7000, 4438)
(7000, 4437)
(7000, 4436)
(7001, 4436)
(7002, 4436)
(7003, 4436)
(7003, 4435)
(7003, 4434)
(7003, 4433)
(7004, 4434)
(7004, 4433)
(7005, 4432)
(7005, 4431)
(7006, 4430)
(7007, 4429)
(7006, 4428)
(7006, 4427)
(7005, 4426)
(7005, 4425)
(7005, 4424)
(7005, 4423)
(7006, 4422)
(7006, 4423)
(7007, 4423)
(7008, 4422)
(7009, 4421)
(7009, 4420)
(7009, 4419)
(7009, 4418)
(7010, 4417)
(7010, 4416)
(7009, 4415)
(7008, 4414)
(7007, 4413)
(7006, 4412)
(7005, 4411)
(7004, 4410)
(7004, 4409)
(7003, 4408)
(7002, 4407)
(7001, 4406)
(7001, 4405)
(7000, 4405)
(6999, 4404)
(6998, 4403)
(6997, 4402)
(6996, 4401)
(6996, 4400)
(6996, 4399)
(6995, 4398)
(6994, 4397)
(6993, 4397)
(6992, 4396)
(6991, 4395)
(6992, 4394)
(6991, 4394)
(6990, 4393)
(6989, 4392)
(6988, 4391)
(6987, 4391)
(6986, 4390)
(6985, 4389)
(6984, 4388)
(6983, 4387)
(6982, 4386)
(6981, 4386)
(6980, 4385)
(6979, 4384)
(6978, 4383)
(6977, 4382)
(6976, 4381)
(6975, 4380)
(6974, 4379)
(6973, 4378)
(6972, 4377)
(6971, 4376)
(6970, 4375)
(6969, 4374)
(6968, 4373)
(6967, 4373)
(6966, 4372)
(6965, 4371)
(6965, 4370)
(6964, 4370)
(6963, 4369)
(6962, 4368)
(6961, 4367)
(6960, 4367)
(6959, 4366)
(6958, 4365)
(6957, 4364)
(6956, 4363)
(6955, 4362)
(6955, 4361)
(6954, 4360)
(6953, 4359)
(6952, 4358)
(6951, 4357)
(6950, 4356)
(6949, 4355)
(6948, 4354)
(6947, 4353)
(6946, 4352)
(6945, 4351)
(6944, 4350)
(6943, 4349)
(6942, 4348)
(6941, 4347)
(6940, 4346)
(6939, 4345)
(6938, 4344)
(6937, 4344)
(6936, 4343)
(6935, 4342)
(6934, 4341)
(6933, 4340)
(6932, 4339)
(6931, 4338)
(6930, 4337)
(6929, 4336)
(6928, 4335)
(6928, 4334)
(6929, 4333)
(6929, 4332)
(6930, 4331)
(6931, 4331)
(6931, 4330)
(6932, 4329)
(6933, 4328)
(6934, 4327)
(6935, 4327)
(6935, 4326)
(6936, 4325)
(6936, 4324)
(6935, 4323)
(6934, 4322)
(6934, 4321)
(6933, 4320)
(6933, 4319)
(6932, 4318)
(6932, 4317)
(6931, 4316)
(6931, 4315)
(6930, 4314)
(6929, 4313)
(6928, 4312)
(6927, 4311)
(6926, 4310)
(6925, 4309)
(6924, 4308)
(6923, 4307)
(6922, 4306)
(6921, 4306)
(6920, 4305)
(6919, 4304)
(6918, 4303)
(6917, 4302)
(6916, 4301)
(6915, 4300)
(6914, 4299)
(6913, 4298)
(6912, 4298)
(6911, 4297)
(6910, 4297)
(6911, 4296)
(6910, 4295)
(6909, 4294)
(6910, 4293)
(6909, 4293)
(6908, 4292)
(6907, 4291)
(6906, 4291)
(6905, 4290)
(6904, 4290)
(6903, 4289)
(6902, 4288)
(6901, 4288)
(6900, 4287)
(6900, 4286)
(6899, 4285)
(6898, 4284)
(6897, 4283)
(6896, 4282)
(6895, 4281)
(6894, 4280)
(6893, 4279)
(6892, 4278)
(6891, 4277)
(6890, 4276)
(6889, 4275)
(6888, 4274)
(6887, 4273)
(6886, 4273)
(6885, 4272)
(6884, 4271)
(6883, 4270)
(6882, 4269)
(6881, 4268)
(6880, 4267)
(6879, 4266)
(6878, 4265)
(6877, 4264)
(6876, 4263)
(6875, 4262)
(6874, 4261)
(6873, 4260)
(6872, 4259)
(6871, 4258)
(6870, 4257)
(6869, 4256)
(6868, 4255)
(6867, 4254)
(6866, 4253)
(6865, 4252)
(6864, 4251)
(6863, 4250)
(6862, 4249)
(6861, 4248)
(6860, 4247)
(6859, 4246)
(6858, 4245)
(6857, 4244)
(6856, 4243)
(6855, 4242)
(6854, 4241)
(6853, 4240)
(6852, 4239)
(6851, 4238)
(6850, 4237)
(6849, 4236)
(6848, 4235)
(6847, 4234)
(6846, 4233)
(6845, 4233)
(6844, 4232)
(6843, 4231)
(6842, 4230)
(6841, 4230)
(6840, 4229)
(6839, 4228)
(6838, 4227)
(6837, 4226)
(6836, 4225)
(6835, 4224)
(6834, 4223)
(6833, 4222)
(6832, 4221)
(6831, 4220)
(6830, 4219)
(6829, 4218)
(6828, 4217)
(6827, 4216)
(6826, 4215)
(6825, 4214)
(6824, 4213)
(6823, 4212)
(6822, 4211)
(6821, 4210)
(6820, 4209)
(6819, 4208)
(6818, 4207)
(6817, 4206)
(6816, 4205)
(6815, 4205)
(6814, 4204)
(6813, 4203)
(6812, 4202)
(6811, 4201)
(6810, 4200)
(6809, 4199)
(6808, 4198)
(6807, 4197)
(6806, 4196)
(6805, 4195)
(6804, 4194)
(6803, 4193)
(6802, 4192)
(6801, 4191)
(6800, 4190)
(6799, 4189)
(6798, 4188)
(6797, 4187)
(6796, 4186)
(6795, 4185)
(6794, 4184)
(6793, 4183)
(6792, 4182)
(6791, 4181)
(6790, 4180)
(6789, 4179)
(6788, 4178)
(6787, 4177)
(6786, 4176)
(6785, 4175)
(6784, 4174)
(6783, 4173)
(6782, 4173)
(6781, 4172)
(6780, 4171)
(6779, 4170)
(6778, 4169)
(6777, 4168)
(6776, 4167)
(6775, 4166)
(6774, 4165)
(6773, 4164)
(6772, 4163)
(6771, 4162)
(6770, 4161)
(6769, 4160)
(6768, 4159)
(6767, 4158)
(6766, 4157)
(6765, 4156)
(6764, 4155)
(6763, 4155)
(6762, 4154)
(6761, 4153)
(6760, 4152)
(6759, 4151)
(6758, 4150)
(6757, 4149)
(6756, 4148)
(6755, 4147)
(6754, 4146)
(6753, 4145)
(6752, 4144)
(6751, 4143)
(6750, 4142)
(6749, 4141)
(6748, 4140)
(6747, 4139)
(6746, 4139)
(6745, 4138)
(6744, 4137)
(6743, 4136)
(6742, 4135)
(6741, 4134)
(6740, 4133)
(6739, 4132)
(6738, 4131)
(6737, 4130)
(6736, 4129)
(6735, 4128)
(6734, 4127)
(6733, 4126)
(6732, 4125)
(6731, 4124)
(6730, 4123)
(6729, 4122)
(6728, 4121)
(6727, 4120)
(6726, 4119)
(6725, 4118)
(6724, 4118)
(6723, 4117)
(6722, 4116)
(6721, 4115)
(6720, 4114)
(6719, 4113)
(6718, 4113)
(6717, 4112)
(6716, 4111)
(6715, 4110)
(6714, 4109)
(6713, 4108)
(6712, 4107)
(6711, 4106)
(6710, 4105)
(6709, 4104)
(6708, 4103)
(6707, 4102)
(6706, 4101)
(6705, 4101)
(6704, 4100)
(6703, 4099)
(6702, 4098)
(6701, 4097)
(6700, 4096)
(6699, 4095)
(6698, 4094)
(6697, 4093)
(6696, 4092)
(6695, 4091)
(6694, 4090)
(6693, 4089)
(6692, 4088)
(6692, 4087)
(6691, 4086)
(6690, 4085)
(6689, 4084)
(6688, 4083)
(6687, 4082)
(6686, 4081)
(6685, 4080)
(6684, 4081)
(6683, 4080)
(6682, 4079)
(6681, 4078)
(6680, 4077)
(6679, 4076)
(6678, 4075)
(6677, 4074)
(6676, 4073)
(6675, 4072)
(6674, 4071)
(6673, 4070)
(6672, 4069)
(6671, 4068)
(6670, 4067)
(6669, 4066)
(6668, 4065)
(6667, 4064)
(6666, 4063)
(6665, 4062)
(6664, 4061)
(6663, 4060)
(6662, 4059)
(6661, 4058)
(6660, 4057)
(6659, 4056)
(6658, 4055)
(6657, 4054)
(6656, 4053)
(6655, 4052)
(6654, 4051)
(6653, 4050)
(6652, 4049)
(6651, 4048)
(6650, 4047)
(6649, 4046)
(6648, 4045)
(6647, 4044)
(6646, 4043)
(6645, 4042)
(6644, 4041)
(6643, 4040)
(6642, 4039)
(6641, 4038)
(6640, 4037)
(6639, 4036)
(6638, 4035)
(6637, 4034)
(6636, 4033)
(6635, 4032)
(6634, 4031)
(6633, 4030)
(6632, 4031)
(6631, 4030)
(6630, 4029)
(6629, 4028)
(6628, 4027)
(6627, 4026)
(6626, 4025)
(6625, 4024)
(6624, 4023)
(6623, 4022)
(6622, 4021)
(6621, 4020)
(6620, 4019)
(6619, 4018)
(6618, 4017)
(6617, 4016)
(6616, 4015)
(6615, 4014)
(6614, 4013)
(6613, 4012)
(6612, 4011)
(6611, 4010)
(6610, 4009)
(6609, 4008)
(6608, 4007)
(6607, 4006)
(6606, 4005)
(6605, 4004)
(6604, 4003)
(6603, 4003)
(6602, 4002)
(6601, 4001)
(6600, 4000)
(6599, 3999)
(6598, 3998)
(6597, 3997)
(6596, 3996)
(6595, 3995)
(6594, 3994)
(6593, 3993)
(6592, 3992)
(6591, 3991)
(6590, 3992)
(6589, 3992)
(6588, 3991)
(6587, 3990)
(6586, 3989)
(6585, 3988)
(6584, 3987)
(6583, 3986)
(6582, 3985)
(6581, 3984)
(6580, 3983)
(6579, 3982)
(6578, 3981)
(6577, 3980)
(6576, 3979)
(6575, 3978)
(6574, 3977)
(6573, 3976)
(6572, 3975)
(6571, 3974)
(6570, 3973)
(6569, 3972)
(6568, 3971)
(6567, 3970)
(6566, 3969)
(6565, 3968)
(6564, 3967)
(6563, 3966)
(6562, 3965)
(6561, 3964)
(6560, 3963)
(6559, 3962)
(6558, 3961)
(6557, 3961)
(6556, 3960)
(6555, 3959)
(6554, 3958)
(6553, 3957)
(6552, 3956)
(6551, 3955)
(6550, 3954)
(6549, 3953)
(6548, 3952)
(6547, 3951)
(6546, 3950)
(6545, 3949)
(6544, 3948)
(6543, 3947)
(6542, 3946)
(6541, 3945)
(6540, 3944)
(6539, 3943)
(6538, 3942)
(6537, 3941)
(6536, 3941)
(6535, 3940)
(6534, 3939)
(6533, 3938)
(6532, 3937)
(6531, 3937)
(6530, 3936)
(6529, 3935)
(6528, 3934)
(6527, 3933)
(6526, 3932)
(6525, 3931)
(6524, 3930)
(6523, 3929)
(6522, 3928)
(6521, 3927)
(6520, 3926)
(6519, 3927)
(6518, 3926)
(6517, 3926)
(6516, 3926)
(6515, 3925)
(6514, 3924)
(6513, 3923)
(6512, 3922)
(6511, 3921)
(6510, 3920)
(6509, 3919)
(6508, 3918)
(6507, 3917)
(6506, 3916)
(6505, 3915)
(6504, 3914)
(6503, 3913)
(6502, 3912)
(6501, 3911)
(6500, 3910)
(6499, 3909)
(6498, 3908)
(6497, 3907)
(6496, 3906)
(6495, 3905)
(6494, 3904)
(6493, 3903)
(6492, 3902)
(6491, 3901)
(6490, 3900)
(6489, 3899)
(6488, 3898)
(6487, 3897)
(6486, 3896)
(6485, 3895)
(6484, 3894)
(6483, 3893)
(6482, 3892)
(6481, 3891)
(6480, 3890)
(6479, 3889)
(6478, 3888)
(6477, 3887)
(6476, 3886)
(6475, 3885)
(6474, 3884)
(6473, 3883)
(6472, 3882)
(6471, 3881)
(6470, 3880)
(6469, 3879)
(6468, 3878)
(6467, 3877)
(6466, 3876)
(6465, 3876)
(6464, 3875)
(6463, 3874)
(6462, 3873)
(6461, 3872)
(6460, 3871)
(6459, 3870)
(6458, 3869)
(6457, 3868)
(6456, 3867)
(6455, 3866)
(6454, 3866)
(6453, 3865)
(6452, 3864)
(6451, 3863)
(6450, 3862)
(6449, 3861)
(6448, 3860)
(6447, 3859)
(6446, 3858)
(6445, 3857)
(6444, 3856)
(6443, 3855)
(6442, 3854)
(6441, 3853)
(6440, 3852)
(6439, 3851)
(6438, 3850)
(6437, 3849)
(6436, 3849)
(6435, 3848)
(6434, 3847)
(6433, 3846)
(6432, 3847)
(6431, 3847)
(6430, 3846)
(6429, 3845)
(6428, 3844)
(6427, 3843)
(6426, 3842)
(6425, 3841)
(6424, 3840)
(6423, 3839)
(6422, 3838)
(6421, 3837)
(6420, 3836)
(6419, 3835)
(6418, 3834)
(6417, 3833)
(6416, 3832)
(6415, 3831)
(6414, 3830)
(6413, 3829)
(6412, 3828)
(6411, 3827)
(6410, 3826)
(6409, 3825)
(6408, 3824)
(6407, 3823)
(6406, 3822)
(6405, 3821)
(6404, 3820)
(6403, 3819)
(6402, 3818)
(6401, 3817)
(6400, 3816)
(6399, 3815)
(6398, 3814)
(6397, 3813)
(6396, 3812)
(6395, 3811)
(6394, 3810)
(6393, 3809)
(6392, 3808)
(6391, 3807)
(6390, 3806)
(6389, 3805)
(6388, 3804)
(6387, 3803)
(6386, 3802)
(6385, 3801)
(6384, 3800)
(6383, 3799)
(6382, 3798)
(6381, 3798)
(6380, 3797)
(6379, 3796)
(6378, 3795)
(6377, 3794)
(6376, 3793)
(6375, 3792)
(6374, 3791)
(6373, 3790)
(6372, 3790)
(6371, 3790)
(6370, 3790)
(6369, 3790)
(6368, 3790)
(6367, 3789)
(6366, 3788)
(6365, 3787)
(6364, 3786)
(6363, 3786)
(6362, 3785)
(6361, 3784)
(6360, 3783)
(6359, 3782)
(6358, 3781)
(6357, 3780)
(6356, 3779)
(6355, 3778)
(6354, 3777)
(6353, 3776)
(6352, 3776)
(6351, 3775)
(6350, 3774)
(6349, 3773)
(6348, 3772)
(6347, 3771)
(6346, 3770)
(6345, 3769)
(6344, 3768)
(6343, 3767)
(6342, 3766)
(6341, 3765)
(6340, 3764)
(6339, 3763)
(6338, 3762)
(6337, 3761)
(6336, 3760)
(6335, 3759)
(6334, 3758)
(6333, 3757)
(6332, 3756)
(6331, 3756)
(6330, 3755)
(6329, 3754)
(6328, 3753)
(6327, 3752)
(6326, 3751)
(6325, 3750)
(6324, 3749)
(6323, 3748)
(6322, 3747)
(6321, 3747)
(6320, 3746)
(6319, 3746)
(6318, 3747)
(6317, 3748)
(6316, 3747)
(6315, 3747)
(6314, 3748)
(6313, 3747)
(6312, 3746)
(6311, 3745)
(6310, 3744)
(6309, 3743)
(6308, 3743)
(6307, 3744)
(6306, 3744)
(6305, 3744)
(6304, 3743)
(6303, 3742)
(6302, 3741)
(6301, 3740)
(6300, 3739)
(6299, 3738)
(6298, 3737)
(6297, 3736)
(6296, 3735)
(6295, 3734)
(6294, 3733)
(6293, 3732)
(6292, 3731)
(6291, 3730)
(6290, 3730)
(6289, 3729)
(6288, 3728)
(6287, 3727)
(6286, 3726)
(6285, 3725)
(6284, 3725)
(6283, 3724)
(6282, 3723)
(6281, 3722)
(6280, 3721)
(6279, 3720)
(6278, 3719)
(6277, 3718)
(6276, 3717)
(6275, 3716)
(6274, 3715)
(6273, 3714)
(6272, 3713)
(6271, 3712)
(6270, 3711)
(6269, 3710)
(6268, 3709)
(6267, 3708)
(6266, 3707)
(6265, 3706)
(6264, 3705)
(6263, 3704)
(6262, 3703)
(6261, 3702)
(6260, 3701)
(6259, 3700)
(6258, 3699)
(6257, 3698)
(6256, 3697)
(6255, 3696)
(6254, 3695)
(6253, 3695)
(6252, 3694)
(6251, 3693)
(6250, 3692)
(6249, 3691)
(6248, 3690)
(6247, 3689)
(6246, 3688)
(6245, 3687)
(6244, 3686)
(6243, 3685)
(6242, 3684)
(6241, 3684)
(6240, 3683)
(6239, 3682)
(6238, 3681)
(6237, 3680)
(6236, 3679)
(6235, 3678)
(6234, 3677)
(6233, 3676)
(6232, 3675)
(6231, 3674)
(6230, 3673)
(6229, 3672)
(6228, 3671)
(6227, 3671)
(6226, 3670)
(6225, 3670)
(6224, 3669)
(6223, 3668)
(6222, 3668)
(6221, 3668)
(6220, 3667)
(6219, 3667)
(6218, 3668)
(6217, 3667)
(6216, 3666)
(6215, 3666)
(6214, 3665)
(6213, 3666)
(6212, 3665)
(6211, 3664)
(6210, 3663)
(6209, 3662)
(6208, 3661)
(6207, 3660)
(6206, 3659)
(6205, 3658)
(6204, 3657)
(6203, 3656)
(6202, 3657)
(6201, 3656)
(6200, 3656)
(6199, 3655)
(6198, 3654)
(6197, 3653)
(6196, 3652)
(6195, 3651)
(6194, 3650)
(6193, 3649)
(6192, 3648)
(6191, 3647)
(6190, 3646)
(6189, 3646)
(6188, 3645)
(6187, 3644)
(6186, 3643)
(6185, 3642)
(6184, 3641)
(6183, 3640)
(6182, 3639)
(6181, 3638)
(6180, 3637)
(6179, 3636)
(6178, 3635)
(6177, 3634)
(6176, 3633)
(6175, 3632)
(6174, 3631)
(6173, 3631)
(6172, 3630)
(6171, 3629)
(6170, 3628)
(6169, 3627)
(6168, 3626)
(6167, 3625)
(6166, 3625)
(6165, 3624)
(6164, 3623)
(6163, 3622)
(6162, 3621)
(6163, 3620)
(6162, 3619)
(6161, 3618)
(6160, 3618)
(6161, 3617)
(6160, 3616)
(6159, 3615)
(6158, 3614)
(6157, 3613)
(6156, 3612)
(6155, 3611)
(6154, 3610)
(6153, 3609)
(6152, 3608)
(6151, 3607)
(6150, 3606)
(6149, 3605)
(6148, 3604)
(6147, 3603)
(6146, 3603)
(6145, 3602)
(6144, 3601)
(6143, 3601)
(6142, 3600)
(6141, 3599)
(6140, 3598)
(6139, 3597)
(6138, 3596)
(6137, 3595)
(6136, 3594)
(6135, 3593)
(6134, 3592)
(6133, 3591)
(6132, 3590)
(6131, 3589)
(6130, 3588)
(6129, 3587)
(6128, 3586)
(6127, 3585)
(6126, 3584)
(6125, 3583)
(6124, 3582)
(6123, 3582)
(6122, 3581)
(6121, 3580)
(6120, 3579)
(6119, 3578)
(6118, 3577)
(6117, 3576)
(6116, 3575)
(6115, 3574)
(6114, 3573)
(6113, 3573)
(6112, 3573)
(6111, 3572)
(6110, 3571)
(6109, 3570)
(6108, 3569)
(6107, 3568)
(6106, 3567)
(6105, 3566)
(6104, 3565)
(6103, 3564)
(6102, 3563)
(6101, 3562)
(6100, 3561)
(6099, 3560)
(6098, 3559)
(6097, 3558)
(6096, 3557)
(6095, 3557)
(6094, 3556)
(6093, 3555)
(6092, 3554)
(6091, 3553)
(6090, 3552)
(6089, 3551)
(6088, 3550)
(6087, 3549)
(6086, 3548)
(6085, 3547)
(6084, 3547)
(6083, 3546)
(6082, 3545)
(6081, 3544)
(6080, 3543)
(6079, 3542)
(6078, 3541)
(6077, 3540)
(6076, 3539)
(6075, 3538)
(6074, 3537)
(6073, 3536)
(6072, 3535)
(6071, 3534)
(6070, 3533)
(6069, 3532)
(6068, 3531)
(6067, 3530)
(6066, 3529)
(6065, 3528)
(6064, 3527)
(6063, 3526)
(6062, 3525)
(6061, 3524)
(6060, 3524)
(6059, 3524)
(6058, 3523)
(6057, 3522)
(6056, 3522)
(6055, 3521)
(6054, 3520)
(6053, 3519)
(6052, 3518)
(6051, 3517)
(6050, 3516)
(6049, 3515)
(6048, 3514)
(6047, 3514)
(6046, 3514)
(6045, 3513)
(6044, 3512)
(6043, 3512)
(6042, 3511)
(6041, 3510)
(6040, 3509)
(6039, 3508)
(6038, 3507)
(6037, 3506)
(6036, 3505)
(6035, 3504)
(6034, 3503)
(6033, 3502)
(6032, 3501)
(6031, 3500)
(6030, 3499)
(6029, 3498)
(6028, 3497)
(6027, 3496)
(6026, 3495)
(6025, 3494)
(6024, 3493)
(6023, 3492)
(6022, 3491)
(6021, 3490)
(6020, 3489)
(6019, 3488)
(6018, 3487)
(6017, 3486)
(6016, 3485)
(6015, 3484)
(6014, 3483)
(6013, 3482)
(6012, 3481)
(6011, 3480)
(6010, 3479)
(6009, 3478)
(6008, 3477)
(6007, 3476)
(6006, 3475)
(6005, 3474)
(6004, 3473)
(6003, 3472)
(6002, 3471)
(6001, 3470)
(6000, 3469)
(5999, 3468)
(5998, 3468)
(5997, 3467)
(5996, 3466)
(5995, 3465)
(5994, 3464)
(5993, 3463)
(5992, 3463)
(5991, 3462)
(5990, 3462)
(5989, 3461)
(5988, 3460)
(5987, 3459)
(5986, 3458)
(5985, 3457)
(5984, 3456)
(5983, 3455)
(5982, 3455)
(5981, 3456)
(5980, 3455)
(5979, 3454)
(5978, 3453)
(5977, 3452)
(5976, 3451)
(5975, 3450)
(5974, 3450)
(5973, 3451)
(5973, 3452)
(5972, 3452)
(5971, 3452)
(5970, 3451)
(5969, 3451)
(5969, 3452)
(5968, 3452)
(5967, 3452)
(5966, 3453)
(5965, 3452)
(5964, 3451)
(5963, 3450)
(5962, 3450)
(5961, 3449)
(5960, 3450)
(5959, 3450)
(5958, 3449)
(5957, 3448)
(5956, 3447)
(5955, 3446)
(5954, 3446)
(5953, 3445)
(5952, 3444)
(5951, 3444)
(5950, 3445)
(5949, 3445)
(5948, 3445)
(5947, 3444)
(5946, 3444)
(5945, 3443)
(5944, 3442)
(5943, 3442)
(5942, 3441)
(5941, 3440)
(5940, 3439)
(5939, 3438)
(5938, 3437)
(5937, 3436)
(5936, 3435)
(5935, 3435)
(5934, 3434)
(5933, 3434)
(5932, 3434)
(5931, 3435)
(5930, 3436)
(5929, 3436)
(5928, 3436)
(5927, 3435)
(5926, 3434)
(5925, 3433)
(5924, 3432)
(5923, 3431)
(5922, 3430)
(5921, 3429)
(5920, 3428)
(5919, 3427)
(5918, 3426)
(5917, 3425)
(5916, 3424)
(5915, 3423)
(5914, 3423)
(5913, 3422)
(5912, 3421)
(5911, 3420)
(5910, 3419)
(5909, 3418)
(5908, 3417)
(5907, 3416)
(5906, 3415)
(5905, 3414)
(5904, 3413)
(5903, 3412)
(5902, 3411)
(5901, 3410)
(5900, 3409)
(5899, 3408)
(5898, 3407)
(5897, 3406)
(5896, 3405)
(5895, 3405)
(5894, 3404)
(5893, 3403)
(5892, 3403)
(5891, 3402)
(5890, 3401)
(5889, 3400)
(5888, 3399)
(5887, 3398)
(5886, 3397)
(5885, 3396)
(5884, 3395)
(5883, 3394)
(5882, 3393)
(5881, 3392)
(5880, 3392)
(5879, 3391)
(5878, 3390)
(5877, 3389)
(5876, 3388)
(5875, 3387)
(5874, 3386)
(5873, 3385)
(5872, 3385)
(5871, 3384)
(5870, 3383)
(5869, 3382)
(5868, 3381)
(5867, 3380)
(5866, 3379)
(5865, 3378)
(5864, 3377)
(5863, 3376)
(5862, 3375)
(5861, 3374)
(5860, 3373)
(5859, 3372)
(5858, 3371)
(5857, 3370)
(5856, 3369)
(5855, 3368)
(5854, 3367)
(5853, 3366)
(5852, 3365)
(5851, 3365)
(5850, 3364)
(5849, 3363)
(5848, 3362)
(5847, 3361)
(5846, 3360)
(5845, 3359)
(5844, 3358)
(5843, 3357)
(5842, 3356)
(5841, 3355)
(5840, 3354)
(5839, 3353)
(5838, 3352)
(5837, 3351)
(5836, 3350)
(5835, 3349)
(5834, 3348)
(5833, 3347)
(5832, 3346)
(5831, 3345)
(5830, 3344)
(5829, 3343)
(5828, 3342)
(5827, 3342)
(5826, 3341)
(5825, 3340)
(5824, 3339)
(5823, 3338)
(5822, 3338)
(5821, 3337)
(5820, 3336)
(5819, 3335)
(5818, 3334)
(5817, 3333)
(5816, 3332)
(5815, 3331)
(5814, 3330)
(5813, 3330)
(5812, 3330)
(5811, 3329)
(5810, 3328)
(5809, 3327)
(5808, 3327)
(5807, 3326)
(5806, 3325)
(5805, 3324)
(5804, 3323)
(5803, 3322)
(5802, 3321)
(5801, 3320)
(5800, 3319)
(5799, 3318)
(5798, 3317)
(5797, 3317)
(5796, 3317)
(5795, 3316)
(5794, 3315)
(5793, 3314)
(5792, 3313)
(5791, 3312)
(5790, 3311)
(5789, 3310)
(5788, 3309)
(5787, 3308)
(5786, 3307)
(5785, 3306)
(5784, 3305)
(5783, 3304)
(5782, 3303)
(5781, 3302)
(5780, 3301)
(5779, 3300)
(5778, 3299)
(5777, 3298)
(5776, 3297)
(5775, 3296)
(5774, 3295)
(5773, 3294)
(5772, 3293)
(5771, 3292)
(5770, 3291)
(5769, 3291)
(5768, 3290)
(5767, 3290)
(5766, 3289)
(5765, 3288)
(5764, 3287)
(5763, 3286)
(5762, 3285)
(5761, 3284)
(5760, 3285)
(5759, 3286)
(5758, 3286)
(5757, 3287)
(5756, 3288)
(5755, 3288)
(5754, 3287)
(5753, 3286)
(5752, 3286)
(5751, 3285)
(5750, 3284)
(5749, 3283)
(5748, 3282)
(5747, 3281)
(5746, 3281)
(5745, 3280)
(5744, 3279)
(5743, 3278)
(5742, 3278)
(5741, 3278)
(5740, 3277)
(5739, 3277)
(5738, 3277)
(5737, 3277)
(5736, 3276)
(5735, 3275)
(5734, 3276)
(5733, 3275)
(5732, 3275)
(5733, 3276)
(5732, 3276)
(5731, 3276)
(5732, 3277)
(5731, 3277)
(5730, 3277)
(5729, 3278)
(5728, 3279)
(5727, 3280)
(5726, 3281)
(5725, 3282)
(5724, 3282)
(5725, 3283)
(5724, 3283)
(5725, 3284)
(5724, 3284)
(5725, 3285)
(5724, 3285)
(5723, 3285)
(5724, 3286)
(5723, 3286)
(5722, 3286)
(5721, 3287)
(5720, 3287)
(5719, 3288)
(5719, 3289)
(5719, 3290)
(5718, 3291)
(5717, 3291)
(5716, 3292)
(5715, 3293)
(5714, 3294)
(5713, 3295)
(5712, 3295)
(5711, 3295)
(5711, 3296)
(5710, 3297)
(5709, 3298)
(5708, 3297)
(5707, 3298)
(5706, 3297)
(5705, 3296)
(5704, 3295)
(5703, 3294)
(5702, 3293)
(5701, 3292)
(5700, 3291)
(5699, 3290)
(5698, 3290)
(5697, 3289)
(5696, 3289)
(5695, 3288)
(5694, 3287)
(5693, 3286)
(5692, 3285)
(5691, 3284)
(5690, 3284)
(5689, 3283)
(5688, 3282)
(5687, 3281)
(5686, 3280)
(5685, 3279)
(5684, 3278)
(5683, 3278)
(5682, 3278)
(5681, 3278)
(5680, 3277)
(5679, 3277)
(5678, 3277)
(5677, 3277)
(5676, 3277)
(5675, 3277)
(5674, 3276)
(5673, 3276)
(5672, 3275)
(5671, 3274)
(5670, 3273)
(5669, 3272)
(5668, 3271)
(5667, 3270)
(5666, 3269)
(5665, 3269)
(5664, 3269)
(5663, 3268)
(5662, 3267)
(5661, 3267)
(5660, 3266)
(5659, 3265)
(5658, 3264)
(5657, 3263)
(5656, 3262)
(5655, 3261)
(5654, 3261)
(5653, 3262)
(5652, 3262)
(5651, 3262)
(5650, 3262)
(5649, 3262)
(5648, 3261)
(5647, 3260)
(5646, 3260)
(5645, 3261)
(5645, 3262)
(5644, 3262)
(5643, 3262)
(5643, 3263)
(5643, 3264)
(5642, 3264)
(5641, 3264)
(5640, 3264)
(5639, 3264)
(5638, 3265)
(5637, 3265)
(5636, 3264)
(5635, 3263)
(5634, 3262)
(5633, 3262)
(5632, 3261)
(5631, 3261)
(5630, 3261)
(5629, 3261)
(5628, 3260)
(5627, 3261)
(5626, 3261)
(5625, 3260)
(5624, 3260)
(5624, 3261)
(5623, 3261)
(5623, 3262)
(5622, 3262)
(5621, 3262)
(5620, 3263)
(5619, 3263)
(5618, 3264)
(5617, 3263)
(5616, 3263)
(5615, 3264)
(5614, 3263)
(5613, 3262)
(5612, 3262)
(5611, 3262)
(5610, 3261)
(5609, 3260)
(5608, 3259)
(5607, 3259)
(5606, 3258)
(5605, 3257)
(5604, 3257)
(5603, 3256)
(5602, 3255)
(5601, 3254)
(5600, 3253)
(5599, 3252)
(5598, 3252)
(5597, 3251)
(5596, 3250)
(5595, 3249)
(5594, 3248)
(5593, 3249)
(5592, 3248)
(5591, 3247)
(5590, 3246)
(5589, 3245)
(5588, 3244)
(5587, 3243)
(5586, 3242)
(5585, 3241)
(5584, 3240)
(5583, 3239)
(5582, 3238)
(5581, 3237)
(5580, 3236)
(5579, 3235)
(5578, 3236)
(5577, 3235)
(5576, 3234)
(5575, 3233)
(5574, 3232)
(5573, 3232)
(5572, 3232)
(5571, 3232)
(5570, 3231)
(5569, 3230)
(5569, 3231)
(5568, 3230)
(5567, 3229)
(5566, 3228)
(5566, 3227)
(5565, 3226)
(5564, 3226)
(5563, 3226)
(5562, 3225)
(5561, 3224)
(5560, 3224)
(5559, 3223)
(5558, 3222)
(5557, 3221)
(5556, 3220)
(5555, 3219)
(5554, 3218)
(5553, 3217)
(5552, 3216)
(5551, 3216)
(5550, 3215)
(5549, 3214)
(5548, 3213)
(5547, 3212)
(5546, 3211)
(5545, 3210)
(5544, 3209)
(5543, 3208)
(5542, 3207)
(5541, 3206)
(5540, 3205)
(5539, 3204)
(5538, 3203)
(5537, 3202)
(5536, 3201)
(5535, 3200)
(5534, 3199)
(5533, 3198)
(5532, 3197)
(5531, 3196)
(5530, 3195)
(5529, 3196)
(5528, 3195)
(5527, 3194)
(5526, 3193)
(5525, 3192)
(5524, 3191)
(5523, 3190)
(5522, 3190)
(5521, 3189)
(5520, 3188)
(5519, 3187)
(5518, 3186)
(5517, 3185)
(5516, 3185)
(5515, 3184)
(5514, 3184)
(5513, 3185)
(5512, 3185)
(5512, 3186)
(5511, 3186)
(5510, 3186)
(5509, 3185)
(5508, 3184)
(5507, 3183)
(5506, 3182)
(5505, 3182)
(5504, 3182)
(5503, 3181)
(5502, 3180)
(5501, 3181)
(5500, 3182)
(5499, 3181)
(5498, 3180)
(5497, 3179)
(5496, 3179)
(5495, 3178)
(5494, 3177)
(5493, 3176)
(5492, 3175)
(5491, 3174)
(5490, 3173)
(5489, 3173)
(5488, 3172)
(5487, 3171)
(5486, 3170)
(5485, 3169)
(5484, 3168)
(5483, 3167)
(5482, 3166)
(5481, 3165)
(5480, 3164)
(5479, 3163)
(5478, 3162)
(5477, 3161)
(5476, 3160)
(5475, 3159)
(5474, 3158)
(5473, 3157)
(5472, 3157)
(5471, 3156)
(5470, 3155)
(5469, 3155)
(5468, 3154)
(5467, 3153)
(5466, 3153)
(5465, 3153)
(5464, 3153)
(5463, 3152)
(5462, 3151)
(5461, 3150)
(5460, 3149)
(5459, 3148)
(5458, 3147)
(5457, 3146)
(5456, 3145)
(5455, 3144)
(5454, 3144)
(5453, 3143)
(5452, 3142)
(5451, 3141)
(5450, 3140)
(5449, 3140)
(5448, 3139)
(5447, 3139)
(5446, 3140)
(5445, 3140)
(5444, 3140)
(5443, 3141)
(5442, 3140)
(5441, 3139)
(5440, 3138)
(5439, 3137)
(5438, 3137)
(5437, 3137)
(5436, 3138)
(5435, 3139)
(5434, 3139)
(5433, 3139)
(5432, 3139)
(5431, 3140)
(5430, 3140)
(5430, 3141)
(5429, 3141)
(5428, 3140)
(5427, 3140)
(5426, 3139)
(5425, 3138)
(5424, 3137)
(5423, 3136)
(5422, 3135)
(5421, 3134)
(5420, 3133)
(5419, 3133)
(5418, 3134)
(5417, 3135)
(5416, 3134)
(5415, 3133)
(5414, 3132)
(5413, 3131)
(5412, 3132)
(5411, 3132)
(5410, 3133)
(5409, 3133)
(5408, 3134)
(5408, 3135)
(5407, 3135)
(5406, 3136)
(5405, 3137)
(5404, 3138)
(5403, 3139)
(5402, 3138)
(5401, 3137)
(5400, 3136)
(5399, 3135)
(5398, 3134)
(5397, 3133)
(5396, 3132)
(5395, 3131)
(5394, 3130)
(5393, 3129)
(5392, 3128)
(5391, 3127)
(5390, 3126)
(5389, 3126)
(5388, 3126)
(5387, 3127)
(5386, 3127)
(5385, 3126)
(5384, 3127)
(5383, 3127)
(5382, 3126)
(5381, 3125)
(5380, 3125)
(5379, 3125)
(5378, 3126)
(5377, 3126)
(5376, 3125)
(5375, 3124)
(5374, 3123)
(5373, 3123)
(5372, 3122)
(5371, 3121)
(5370, 3120)
(5369, 3119)
(5368, 3118)
(5367, 3117)
(5366, 3116)
(5365, 3115)
(5364, 3114)
(5363, 3113)
(5362, 3112)
(5361, 3111)
(5360, 3110)
(5359, 3110)
(5358, 3109)
(5357, 3108)
(5356, 3107)
(5355, 3106)
(5354, 3105)
(5353, 3105)
(5352, 3104)
(5351, 3103)
(5350, 3102)
(5349, 3101)
(5348, 3101)
(5347, 3100)
(5346, 3099)
(5345, 3099)
(5344, 3098)
(5343, 3097)
(5342, 3096)
(5341, 3095)
(5340, 3095)
(5339, 3095)
(5338, 3095)
(5337, 3095)
(5336, 3095)
(5335, 3095)
(5334, 3095)
(5333, 3095)
(5332, 3094)
(5331, 3094)
(5330, 3093)
(5329, 3092)
(5328, 3092)
(5327, 3092)
(5326, 3091)
(5325, 3090)
(5324, 3089)
(5323, 3089)
(5322, 3088)
(5321, 3088)
(5320, 3088)
(5319, 3089)
(5318, 3088)
(5317, 3089)
(5316, 3089)
(5315, 3088)
(5314, 3087)
(5313, 3086)
(5312, 3086)
(5311, 3087)
(5310, 3087)
(5309, 3087)
(5309, 3088)
(5308, 3088)
(5307, 3088)
(5306, 3087)
(5305, 3087)
(5304, 3086)
(5303, 3085)
(5302, 3086)
(5301, 3085)
(5300, 3084)
(5299, 3083)
(5298, 3082)
(5297, 3081)
(5296, 3080)
(5295, 3080)
(5294, 3081)
(5293, 3081)
(5292, 3080)
(5291, 3079)
(5290, 3078)
(5289, 3077)
(5288, 3076)
(5287, 3075)
(5286, 3074)
(5285, 3073)
(5284, 3072)
(5283, 3071)
(5282, 3071)
(5281, 3072)
(5280, 3071)
(5279, 3070)
(5278, 3070)
(5277, 3071)
(5276, 3070)
(5275, 3069)
(5274, 3068)
(5273, 3067)
(5272, 3066)
(5271, 3065)
(5270, 3064)
(5269, 3063)
(5268, 3062)
(5267, 3061)
(5266, 3060)
(5265, 3059)
(5264, 3058)
(5263, 3057)
(5262, 3056)
(5261, 3055)
(5260, 3054)
(5259, 3054)
(5258, 3053)
(5257, 3052)
(5256, 3051)
(5255, 3050)
(5254, 3049)
(5253, 3048)
(5252, 3047)
(5251, 3046)
(5250, 3045)
(5249, 3044)
(5248, 3043)
(5247, 3042)
(5246, 3041)
(5245, 3040)
(5244, 3039)
(5243, 3038)
(5242, 3037)
(5241, 3036)
(5241, 3035)
(5240, 3034)
(5239, 3033)
(5238, 3032)
(5237, 3031)
(5236, 3030)
(5235, 3029)
(5234, 3028)
(5233, 3027)
(5232, 3026)
(5231, 3025)
(5230, 3024)
(5229, 3023)
(5228, 3022)
(5227, 3021)
(5226, 3020)
(5225, 3019)
(5224, 3018)
(5223, 3017)
(5222, 3016)
(5221, 3015)
(5220, 3014)
(5219, 3013)
(5218, 3012)
(5217, 3011)
(5216, 3010)
(5215, 3009)
(5214, 3009)
(5213, 3008)
(5212, 3008)
(5211, 3007)
(5210, 3006)
(5209, 3005)
(5208, 3004)
(5207, 3003)
(5206, 3002)
(5205, 3001)
(5204, 3000)
(5203, 2999)
(5202, 2998)
(5201, 2997)
(5200, 2996)
(5199, 2995)
(5198, 2994)
(5197, 2993)
(5196, 2992)
(5195, 2991)
(5194, 2990)
(5193, 2989)
(5192, 2988)
(5191, 2987)
(5190, 2986)
(5189, 2985)
(5188, 2984)
(5187, 2984)
(5186, 2984)
(5185, 2983)
(5184, 2982)
(5183, 2981)
(5182, 2980)
(5181, 2979)
(5180, 2978)
(5179, 2977)
(5178, 2976)
(5177, 2975)
(5176, 2975)
(5176, 2976)
(5175, 2976)
(5174, 2976)
(5173, 2976)
(5172, 2976)
(5171, 2977)
(5170, 2977)
(5169, 2977)
(5168, 2976)
(5167, 2975)
(5166, 2974)
(5165, 2973)
(5164, 2972)
(5163, 2971)
(5162, 2970)
(5161, 2969)
(5160, 2969)
(5159, 2968)
(5159, 2967)
(5158, 2966)
(5157, 2967)
(5156, 2967)
(5155, 2967)
(5154, 2966)
(5153, 2965)
(5152, 2965)
(5151, 2964)
(5150, 2963)
(5149, 2964)
(5148, 2964)
(5147, 2964)
(5146, 2964)
(5145, 2964)
(5144, 2963)
(5143, 2962)
(5142, 2961)
(5141, 2962)
(5140, 2961)
(5139, 2961)
(5138, 2961)
(5137, 2960)
(5136, 2959)
(5135, 2959)
(5134, 2958)
(5133, 2957)
(5132, 2957)
(5131, 2956)
(5130, 2955)
(5129, 2954)
(5129, 2953)
(5128, 2952)
(5127, 2951)
(5126, 2950)
(5125, 2951)
(5124, 2951)
(5123, 2950)
(5122, 2949)
(5121, 2948)
(5120, 2948)
(5119, 2947)
(5118, 2946)
(5117, 2945)
(5116, 2945)
(5115, 2944)
(5114, 2943)
(5113, 2942)
(5112, 2941)
(5111, 2940)
(5110, 2939)
(5109, 2938)
(5108, 2937)
(5107, 2937)
(5106, 2937)
(5105, 2937)
(5104, 2937)
(5103, 2936)
(5102, 2936)
(5101, 2936)
(5100, 2937)
(5099, 2936)
(5098, 2936)
(5097, 2936)
(5096, 2937)
(5095, 2937)
(5094, 2938)
(5093, 2938)
(5092, 2939)
(5091, 2939)
(5090, 2939)
(5090, 2940)
(5089, 2939)
(5088, 2939)
(5087, 2939)
(5086, 2938)
(5085, 2938)
(5084, 2938)
(5083, 2938)
(5082, 2937)
(5081, 2936)
(5080, 2935)
(5079, 2934)
(5078, 2934)
(5077, 2934)
(5076, 2933)
(5075, 2932)
(5074, 2931)
(5073, 2931)
(5072, 2930)
(5071, 2929)
(5070, 2929)
(5069, 2928)
(5068, 2927)
(5067, 2926)
(5066, 2925)
(5065, 2924)
(5064, 2923)
(5063, 2922)
(5062, 2922)
(5061, 2921)
(5060, 2921)
(5059, 2921)
(5058, 2920)
(5057, 2919)
(5056, 2919)
(5055, 2919)
(5054, 2919)
(5053, 2918)
(5052, 2918)
(5051, 2918)
(5052, 2919)
(5051, 2919)
(5050, 2919)
(5049, 2919)
(5048, 2919)
(5047, 2918)
(5046, 2918)
(5045, 2917)
(5044, 2917)
(5043, 2917)
(5042, 2916)
(5041, 2915)
(5040, 2914)
(5039, 2913)
(5038, 2913)
(5037, 2912)
(5036, 2911)
(5035, 2911)
(5034, 2912)
(5033, 2912)
(5032, 2912)
(5031, 2912)
(5030, 2911)
(5029, 2910)
(5028, 2909)
(5027, 2908)
(5026, 2908)
(5025, 2907)
(5024, 2906)
(5023, 2906)
(5022, 2906)
(5021, 2905)
(5020, 2905)
(5019, 2905)
(5018, 2904)
(5017, 2904)
(5016, 2905)
(5016, 2906)
(5015, 2906)
(5014, 2905)
(5013, 2904)
(5012, 2904)
(5011, 2904)
(5010, 2903)
(5009, 2902)
(5008, 2902)
(5007, 2902)
(5006, 2902)
(5005, 2902)
(5004, 2901)
(5003, 2900)
(5002, 2900)
(5001, 2900)
(5000, 2900)
(4999, 2900)
(4998, 2899)
(4997, 2899)
(4996, 2899)
(4995, 2899)
(4995, 2900)
(4994, 2900)
(4993, 2900)
(4992, 2900)
(4991, 2899)
(4990, 2898)
(4989, 2897)
(4988, 2896)
(4987, 2895)
(4986, 2895)
(4985, 2894)
(4984, 2893)
(4983, 2892)
(4982, 2891)
(4981, 2890)
(4980, 2889)
(4979, 2888)
(4978, 2887)
(4977, 2886)
(4976, 2885)
(4975, 2885)
(4974, 2885)
(4973, 2884)
(4972, 2884)
(4971, 2884)
(4970, 2884)
(4969, 2883)
(4968, 2882)
(4967, 2881)
(4966, 2880)
(4965, 2879)
(4964, 2878)
(4963, 2878)
(4962, 2879)
(4961, 2880)
(4960, 2880)
(4959, 2881)
(4959, 2882)
(4958, 2882)
(4957, 2882)
(4956, 2882)
(4955, 2882)
(4954, 2882)
(4953, 2881)
(4952, 2880)
(4951, 2880)
(4950, 2880)
(4951, 2881)
(4950, 2881)
(4949, 2881)
(4948, 2882)
(4947, 2882)
(4946, 2882)
(4945, 2881)
(4944, 2880)
(4943, 2879)
(4942, 2878)
(4941, 2878)
(4940, 2878)
(4939, 2877)
(4938, 2877)
(4937, 2877)
(4936, 2876)
(4935, 2876)
(4934, 2875)
(4933, 2874)
(4932, 2875)
(4931, 2875)
(4930, 2875)
(4929, 2874)
(4928, 2875)
(4927, 2874)
(4926, 2873)
(4925, 2872)
(4924, 2871)
(4923, 2870)
(4922, 2869)
(4921, 2868)
(4920, 2867)
(4919, 2866)
(4918, 2866)
(4917, 2865)
(4916, 2864)
(4915, 2863)
(4914, 2862)
(4913, 2861)
(4912, 2860)
(4911, 2859)
(4910, 2858)
(4909, 2858)
(4908, 2858)
(4907, 2857)
(4906, 2856)
(4905, 2855)
(4904, 2854)
(4903, 2854)
(4902, 2855)
(4901, 2855)
(4900, 2854)
(4899, 2853)
(4898, 2852)
(4897, 2851)
(4896, 2852)
(4896, 2853)
(4895, 2853)
(4894, 2853)
(4893, 2853)
(4892, 2853)
(4891, 2852)
(4890, 2851)
(4889, 2850)
(4888, 2849)
(4887, 2848)
(4886, 2848)
(4885, 2849)
(4884, 2848)
(4883, 2847)
(4882, 2846)
(4881, 2845)
(4880, 2844)
(4879, 2843)
(4878, 2842)
(4877, 2842)
(4876, 2843)
(4875, 2843)
(4874, 2844)
(4873, 2844)
(4872, 2844)
(4871, 2843)
(4870, 2843)
(4869, 2843)
(4868, 2844)
(4867, 2844)
(4866, 2844)
(4865, 2844)
(4864, 2845)
(4863, 2845)
(4862, 2845)
(4861, 2845)
(4861, 2846)
(4862, 2847)
(4863, 2848)
(4862, 2849)
(4863, 2850)
(4864, 2851)
(4865, 2852)
(4864, 2853)
(4863, 2854)
(4862, 2855)
(4861, 2856)
(4860, 2856)
(4860, 2857)
(4859, 2857)
(4858, 2858)
(4857, 2859)
(4858, 2859)
(4858, 2860)
(4857, 2861)
(4856, 2862)
(4856, 2863)
(4855, 2863)
(4854, 2863)
(4853, 2862)
(4852, 2862)
(4851, 2861)
(4850, 2861)
(4849, 2860)
(4848, 2859)
(4847, 2858)
(4846, 2858)
(4845, 2857)
(4844, 2856)
(4843, 2855)
(4842, 2854)
(4841, 2853)
(4840, 2852)
(4839, 2851)
(4838, 2850)
(4837, 2849)
(4836, 2848)
(4835, 2847)
(4834, 2846)
(4833, 2846)
(4832, 2845)
(4831, 2844)
(4830, 2844)
(4829, 2843)
(4828, 2842)
(4827, 2841)
(4826, 2840)
(4825, 2840)
(4824, 2839)
(4823, 2838)
(4822, 2837)
(4821, 2837)
(4820, 2836)
(4819, 2836)
(4818, 2835)
(4817, 2834)
(4816, 2833)
(4815, 2833)
(4814, 2832)
(4813, 2831)
(4812, 2830)
(4811, 2830)
(4810, 2830)
(4809, 2829)
(4808, 2829)
(4807, 2829)
(4806, 2830)
(4805, 2830)
(4804, 2831)
(4803, 2832)
(4803, 2833)
(4802, 2833)
(4801, 2833)
(4800, 2833)
(4799, 2832)
(4798, 2833)
(4797, 2833)
(4796, 2834)
(4795, 2835)
(4794, 2835)
(4793, 2834)
(4792, 2833)
(4791, 2833)
(4790, 2832)
(4789, 2832)
(4788, 2831)
(4787, 2831)
(4786, 2830)
(4785, 2829)
(4784, 2829)
(4783, 2828)
(4782, 2828)
(4781, 2827)
(4780, 2826)
(4779, 2825)
(4778, 2824)
(4777, 2825)
(4776, 2825)
(4775, 2824)
(4774, 2824)
(4773, 2824)
(4772, 2824)
(4772, 2825)
(4771, 2824)
(4770, 2824)
(4769, 2824)
(4768, 2823)
(4767, 2823)
(4766, 2822)
(4765, 2821)
(4764, 2820)
(4763, 2819)
(4762, 2818)
(4761, 2817)
(4760, 2816)
(4759, 2815)
(4758, 2814)
(4757, 2813)
(4756, 2812)
(4755, 2811)
(4754, 2810)
(4753, 2809)
(4752, 2808)
(4751, 2807)
(4750, 2806)
(4749, 2805)
(4748, 2806)
(4747, 2805)
(4746, 2804)
(4745, 2803)
(4744, 2802)
(4743, 2801)
(4742, 2801)
(4741, 2800)
(4740, 2799)
(4739, 2798)
(4738, 2797)
(4737, 2796)
(4736, 2795)
(4735, 2794)
(4734, 2793)
(4733, 2792)
(4732, 2791)
(4731, 2790)
(4730, 2789)
(4729, 2788)
(4728, 2788)
(4727, 2788)
(4726, 2787)
(4725, 2787)
(4724, 2786)
(4723, 2785)
(4722, 2784)
(4721, 2783)
(4720, 2782)
(4719, 2781)
(4718, 2780)
(4717, 2780)
(4716, 2779)
(4715, 2778)
(4714, 2777)
(4713, 2776)
(4712, 2775)
(4711, 2774)
(4710, 2773)
(4709, 2773)
(4708, 2772)
(4707, 2771)
(4706, 2770)
(4705, 2769)
(4704, 2768)
(4703, 2767)
(4702, 2766)
(4701, 2765)
(4700, 2764)
(4699, 2764)
(4698, 2763)
(4697, 2762)
(4696, 2761)
(4695, 2760)
(4694, 2759)
(4693, 2758)
(4692, 2757)
(4691, 2756)
(4690, 2755)
(4689, 2754)
(4688, 2753)
(4687, 2752)
(4686, 2751)
(4685, 2750)
(4684, 2749)
(4683, 2748)
(4682, 2747)
(4681, 2746)
(4680, 2745)
(4679, 2744)
(4678, 2744)
(4677, 2743)
(4676, 2742)
(4675, 2741)
(4674, 2740)
(4673, 2739)
(4672, 2738)
(4671, 2737)
(4670, 2736)
(4669, 2735)
(4668, 2734)
(4667, 2733)
(4666, 2732)
(4665, 2731)
(4664, 2731)
(4663, 2731)
(4662, 2731)
(4661, 2730)
(4660, 2729)
(4659, 2728)
(4658, 2727)
(4657, 2726)
(4656, 2726)
(4655, 2726)
(4654, 2725)
(4653, 2724)
(4652, 2724)
(4651, 2723)
(4650, 2722)
(4649, 2721)
(4648, 2720)
(4647, 2719)
(4646, 2718)
(4645, 2717)
(4644, 2716)
(4643, 2715)
(4642, 2714)
(4641, 2714)
(4640, 2713)
(4639, 2712)
(4638, 2711)
(4637, 2711)
(4636, 2711)
(4635, 2711)
(4634, 2711)
(4633, 2710)
(4632, 2711)
(4631, 2712)
(4630, 2713)
(4629, 2713)
(4628, 2714)
(4627, 2715)
(4626, 2716)
(4625, 2716)
(4624, 2715)
(4623, 2715)
(4622, 2715)
(4621, 2715)
(4620, 2714)
(4619, 2714)
(4618, 2713)
(4617, 2712)
(4616, 2711)
(4615, 2710)
(4614, 2709)
(4613, 2708)
(4612, 2708)
(4611, 2708)
(4610, 2707)
(4609, 2706)
(4608, 2706)
(4607, 2705)
(4606, 2704)
(4605, 2703)
(4604, 2702)
(4603, 2701)
(4602, 2700)
(4601, 2699)
(4600, 2698)
(4599, 2697)
(4598, 2696)
(4597, 2695)
(4596, 2694)
(4595, 2693)
(4594, 2692)
(4593, 2691)
(4592, 2690)
(4591, 2689)
(4590, 2688)
(4589, 2687)
(4588, 2686)
(4587, 2685)
(4586, 2684)
(4585, 2683)
(4584, 2682)
(4583, 2681)
(4582, 2680)
(4581, 2679)
(4580, 2678)
(4579, 2677)
(4578, 2676)
(4577, 2675)
(4576, 2674)
(4575, 2673)
(4574, 2672)
(4573, 2671)
(4572, 2672)
(4571, 2672)
(4570, 2672)
(4569, 2671)
(4568, 2671)
(4567, 2670)
(4566, 2669)
(4565, 2668)
(4564, 2668)
(4563, 2667)
(4562, 2666)
(4561, 2665)
(4560, 2664)
(4559, 2663)
(4558, 2662)
(4557, 2661)
(4556, 2660)
(4555, 2659)
(4554, 2658)
(4553, 2657)
(4552, 2657)
(4552, 2658)
(4551, 2658)
(4550, 2658)
(4549, 2657)
(4548, 2656)
(4547, 2655)
(4546, 2654)
(4545, 2653)
(4544, 2652)
(4543, 2651)
(4542, 2650)
(4541, 2649)
(4540, 2648)
(4539, 2648)
(4538, 2647)
(4537, 2646)
(4536, 2645)
(4535, 2644)
(4534, 2643)
(4533, 2642)
(4532, 2641)
(4531, 2640)
(4530, 2639)
(4529, 2638)
(4528, 2637)
(4527, 2636)
(4527, 2635)
(4526, 2634)
(4525, 2633)
(4524, 2632)
(4523, 2631)
(4522, 2631)
(4521, 2630)
(4520, 2629)
(4519, 2628)
(4518, 2627)
(4517, 2626)
(4516, 2625)
(4515, 2624)
(4514, 2623)
(4513, 2622)
(4512, 2621)
(4511, 2620)
(4510, 2619)
(4509, 2618)
(4508, 2617)
(4507, 2616)
(4506, 2615)
(4505, 2614)
(4504, 2613)
(4503, 2612)
(4502, 2611)
(4501, 2610)
(4500, 2609)
(4499, 2608)
(4498, 2607)
(4497, 2606)
(4496, 2605)
(4495, 2604)
(4494, 2603)
(4493, 2602)
(4492, 2601)
(4491, 2600)
(4490, 2599)
(4489, 2598)
(4488, 2597)
(4487, 2596)
(4486, 2595)
(4485, 2594)
(4484, 2593)
(4483, 2592)
(4482, 2591)
(4481, 2590)
(4480, 2589)
(4479, 2588)
(4478, 2587)
(4477, 2586)
(4476, 2585)
(4475, 2584)
(4474, 2583)
(4473, 2582)
(4472, 2581)
(4471, 2580)
(4470, 2579)
(4469, 2578)
(4468, 2577)
(4467, 2576)
(4466, 2575)
(4465, 2574)
(4464, 2573)
(4463, 2572)
(4462, 2572)
(4461, 2571)
(4460, 2570)
(4459, 2569)
(4458, 2568)
(4457, 2568)
(4456, 2568)
(4455, 2567)
(4454, 2566)
(4453, 2565)
(4452, 2566)
(4451, 2566)
(4450, 2565)
(4449, 2564)
(4448, 2563)
(4447, 2562)
(4446, 2561)
(4445, 2561)
(4444, 2560)
(4443, 2559)
(4442, 2559)
(4441, 2558)
(4440, 2557)
(4439, 2556)
(4438, 2555)
(4437, 2554)
(4436, 2553)
(4435, 2552)
(4434, 2551)
(4433, 2550)
(4432, 2549)
(4431, 2548)
(4430, 2547)
(4429, 2546)
(4428, 2545)
(4427, 2544)
(4426, 2543)
(4425, 2542)
(4424, 2541)
(4423, 2540)
(4422, 2539)
(4421, 2538)
(4420, 2537)
(4419, 2536)
(4418, 2535)
(4417, 2534)
(4416, 2533)
(4415, 2532)
(4414, 2531)
(4413, 2530)
(4412, 2529)
(4411, 2528)
(4410, 2527)
(4409, 2526)
(4408, 2525)
(4407, 2524)
(4406, 2523)
(4405, 2522)
(4404, 2521)
(4403, 2520)
(4402, 2519)
(4401, 2518)
(4400, 2517)
(4399, 2516)
(4398, 2515)
(4397, 2514)
(4396, 2513)
(4395, 2512)
(4394, 2511)
(4393, 2510)
(4392, 2509)
(4391, 2508)
(4390, 2507)
(4389, 2506)
(4388, 2506)
(4387, 2506)
(4386, 2505)
(4385, 2504)
(4384, 2503)
(4383, 2502)
(4382, 2501)
(4381, 2500)
(4380, 2499)
(4379, 2498)
(4378, 2497)
(4377, 2496)
(4376, 2495)
(4375, 2494)
(4374, 2493)
(4373, 2492)
(4372, 2491)
(4371, 2490)
(4370, 2489)
(4369, 2488)
(4368, 2487)
(4367, 2486)
(4366, 2485)
(4365, 2484)
(4364, 2483)
(4363, 2482)
(4362, 2481)
(4361, 2480)
(4360, 2479)
(4359, 2478)
(4358, 2477)
(4357, 2476)
(4356, 2475)
(4355, 2474)
(4354, 2473)
(4353, 2472)
(4352, 2471)
(4351, 2470)
(4350, 2469)
(4349, 2468)
(4348, 2467)
(4347, 2466)
(4346, 2465)
(4345, 2464)
(4344, 2463)
(4343, 2462)
(4342, 2461)
(4341, 2460)
(4340, 2459)
(4339, 2458)
(4338, 2457)
(4337, 2456)
(4336, 2455)
(4335, 2454)
(4334, 2453)
(4333, 2452)
(4332, 2451)
(4331, 2450)
(4330, 2449)
(4329, 2448)
(4328, 2448)
(4327, 2447)
(4326, 2446)
(4325, 2445)
(4324, 2444)
(4323, 2443)
(4322, 2442)
(4321, 2441)
(4320, 2440)
(4319, 2439)
(4318, 2438)
(4317, 2437)
(4316, 2436)
(4315, 2435)
(4314, 2434)
(4313, 2433)
(4312, 2432)
(4311, 2431)
(4310, 2430)
(4309, 2429)
(4308, 2428)
(4307, 2427)
(4306, 2427)
(4305, 2426)
(4304, 2425)
(4303, 2424)
(4302, 2423)
(4301, 2422)
(4300, 2421)
(4299, 2420)
(4298, 2419)
(4297, 2418)
(4296, 2417)
(4295, 2416)
(4294, 2415)
(4293, 2414)
(4292, 2413)
(4291, 2412)
(4290, 2411)
(4289, 2410)
(4288, 2409)
(4287, 2408)
(4286, 2407)
(4285, 2406)
(4284, 2405)
(4283, 2404)
(4282, 2403)
(4281, 2402)
(4280, 2401)
(4279, 2400)
(4278, 2399)
(4277, 2398)
(4276, 2397)
(4275, 2396)
(4274, 2395)
(4273, 2394)
(4272, 2393)
(4271, 2392)
(4270, 2391)
(4269, 2390)
(4268, 2389)
(4267, 2388)
(4266, 2387)
(4265, 2386)
(4264, 2385)
(4263, 2384)
(4262, 2383)
(4261, 2382)
(4260, 2381)
(4259, 2380)
(4258, 2380)
(4257, 2379)
(4256, 2378)
(4255, 2377)
(4254, 2377)
(4253, 2376)
(4252, 2375)
(4251, 2374)
(4250, 2373)
(4249, 2372)
(4248, 2371)
(4247, 2370)
(4246, 2369)
(4245, 2368)
(4244, 2367)
(4243, 2366)
(4242, 2365)
(4241, 2364)
(4240, 2363)
(4239, 2362)
(4238, 2361)
(4237, 2360)
(4236, 2359)
(4235, 2358)
(4234, 2357)
(4233, 2356)
(4232, 2355)
(4231, 2355)
(4230, 2354)
(4229, 2353)
(4228, 2352)
(4227, 2351)
(4226, 2350)
(4225, 2349)
(4224, 2348)
(4223, 2347)
(4222, 2346)
(4221, 2345)
(4220, 2344)
(4219, 2343)
(4218, 2342)
(4217, 2341)
(4216, 2340)
(4215, 2339)
(4214, 2338)
(4213, 2338)
(4212, 2337)
(4211, 2336)
(4210, 2335)
(4209, 2334)
(4208, 2335)
(4207, 2335)
(4206, 2335)
(4205, 2334)
(4204, 2334)
(4203, 2334)
(4202, 2333)
(4201, 2332)
(4200, 2331)
(4199, 2330)
(4198, 2329)
(4197, 2328)
(4196, 2327)
(4195, 2326)
(4194, 2325)
(4193, 2324)
(4192, 2323)
(4191, 2322)
(4190, 2321)
(4189, 2320)
(4188, 2319)
(4187, 2318)
(4186, 2317)
(4185, 2316)
(4184, 2315)
(4183, 2314)
(4182, 2313)
(4181, 2312)
(4180, 2311)
(4179, 2310)
(4178, 2309)
(4177, 2308)
(4176, 2307)
(4175, 2306)
(4174, 2305)
(4173, 2304)
(4172, 2303)
(4171, 2302)
(4170, 2301)
(4169, 2300)
(4168, 2299)
(4167, 2298)
(4166, 2297)
(4165, 2296)
(4164, 2297)
(4163, 2296)
(4162, 2295)
(4161, 2294)
(4160, 2293)
(4159, 2292)
(4158, 2291)
(4157, 2290)
(4156, 2289)
(4155, 2288)
(4154, 2287)
(4153, 2286)
(4152, 2285)
(4151, 2284)
(4150, 2283)
(4149, 2282)
(4148, 2282)
(4147, 2281)
(4146, 2280)
(4145, 2279)
(4144, 2278)
(4143, 2277)
(4142, 2276)
(4141, 2275)
(4140, 2274)
(4139, 2273)
(4138, 2272)
(4137, 2271)
(4136, 2270)
(4135, 2269)
(4134, 2268)
(4133, 2267)
(4132, 2266)
(4131, 2265)
(4130, 2264)
(4129, 2263)
(4128, 2263)
(4127, 2262)
(4126, 2261)
(4125, 2260)
(4124, 2260)
(4123, 2260)
(4122, 2259)
(4121, 2259)
(4120, 2258)
(4119, 2257)
(4118, 2256)
(4117, 2255)
(4116, 2254)
(4115, 2253)
(4114, 2252)
(4113, 2251)
(4112, 2250)
(4111, 2249)
(4110, 2248)
(4109, 2247)
(4108, 2246)
(4107, 2245)
(4106, 2244)
(4105, 2243)
(4104, 2243)
(4103, 2242)
(4102, 2241)
(4101, 2240)
(4100, 2239)
(4099, 2238)
(4098, 2237)
(4097, 2236)
(4096, 2235)
(4095, 2234)
(4094, 2233)
(4093, 2232)
(4092, 2231)
(4091, 2230)
(4090, 2229)
(4089, 2228)
(4088, 2227)
(4087, 2226)
(4086, 2225)
(4085, 2224)
(4084, 2223)
(4083, 2222)
(4082, 2221)
(4081, 2220)
(4080, 2219)
(4079, 2218)
(4078, 2217)
(4077, 2216)
(4076, 2215)
(4075, 2214)
(4074, 2213)
(4073, 2212)
(4072, 2211)
(4071, 2210)
(4070, 2209)
(4069, 2208)
(4068, 2207)
(4067, 2206)
(4066, 2205)
(4065, 2204)
(4064, 2203)
(4063, 2202)
(4062, 2201)
(4061, 2200)
(4060, 2199)
(4059, 2198)
(4058, 2197)
(4057, 2197)
(4056, 2197)
(4055, 2197)
(4054, 2197)
(4053, 2196)
(4052, 2195)
(4051, 2194)
(4050, 2193)
(4049, 2192)
(4048, 2191)
(4047, 2190)
(4046, 2189)
(4045, 2188)
(4044, 2188)
(4043, 2187)
(4042, 2187)
(4041, 2186)
(4040, 2185)
(4039, 2184)
(4038, 2183)
(4037, 2182)
(4036, 2182)
(4035, 2181)
(4034, 2180)
(4033, 2179)
(4032, 2178)
(4031, 2177)
(4030, 2176)
(4029, 2175)
(4028, 2174)
(4027, 2173)
(4026, 2172)
(4025, 2172)
(4024, 2172)
(4023, 2171)
(4022, 2170)
(4021, 2169)
(4020, 2168)
(4019, 2168)
(4018, 2167)
(4017, 2167)
(4016, 2167)
(4015, 2166)
(4014, 2167)
(4013, 2167)
(4012, 2166)
(4011, 2166)
(4010, 2166)
(4009, 2165)
(4008, 2164)
(4007, 2164)
(4006, 2163)
(4005, 2162)
(4004, 2162)
(4003, 2161)
(4002, 2160)
(4001, 2159)
(4000, 2158)
(3999, 2157)
(3998, 2156)
(3997, 2155)
(3996, 2154)
(3995, 2154)
(3994, 2153)
(3993, 2152)
(3992, 2151)
(3991, 2150)
(3990, 2149)
(3989, 2148)
(3988, 2147)
(3987, 2146)
(3986, 2145)
(3985, 2144)
(3984, 2144)
(3983, 2144)
(3982, 2143)
(3981, 2142)
(3980, 2141)
(3979, 2140)
(3978, 2139)
(3977, 2138)
(3976, 2137)
(3975, 2136)
(3974, 2135)
(3973, 2134)
(3972, 2133)
(3971, 2132)
(3970, 2131)
(3969, 2130)
(3968, 2129)
(3967, 2128)
(3966, 2127)
(3965, 2126)
(3964, 2125)
(3963, 2125)
(3962, 2124)
(3961, 2123)
(3960, 2124)
(3959, 2123)
(3958, 2122)
(3957, 2121)
(3956, 2120)
(3955, 2119)
(3954, 2118)
(3953, 2117)
(3952, 2116)
(3951, 2117)
(3950, 2118)
(3949, 2117)
(3948, 2116)
(3947, 2115)
(3946, 2114)
(3945, 2113)
(3944, 2112)
(3943, 2111)
(3942, 2110)
(3941, 2109)
(3940, 2109)
(3939, 2109)
(3938, 2109)
(3937, 2108)
(3936, 2107)
(3935, 2106)
(3934, 2105)
(3933, 2104)
(3932, 2103)
(3931, 2102)
(3930, 2101)
(3929, 2100)
(3928, 2099)
(3927, 2098)
(3926, 2097)
(3925, 2096)
(3924, 2095)
(3923, 2094)
(3922, 2093)
(3921, 2092)
(3920, 2091)
(3919, 2090)
(3918, 2089)
(3917, 2088)
(3916, 2087)
(3915, 2086)
(3914, 2085)
(3913, 2084)
(3912, 2083)
(3911, 2083)
(3910, 2082)
(3909, 2083)
(3908, 2082)
(3907, 2081)
(3906, 2080)
(3905, 2079)
(3904, 2080)
(3903, 2080)
(3902, 2080)
(3901, 2079)
(3900, 2078)
(3899, 2077)
(3898, 2076)
(3897, 2075)
(3896, 2074)
(3895, 2073)
(3894, 2072)
(3893, 2071)
(3892, 2070)
(3891, 2069)
(3890, 2068)
(3889, 2067)
(3888, 2066)
(3887, 2065)
(3886, 2064)
(3885, 2063)
(3884, 2062)
(3883, 2061)
(3882, 2060)
(3881, 2059)
(3880, 2058)
(3879, 2057)
(3878, 2056)
(3877, 2055)
(3876, 2054)
(3875, 2053)
(3874, 2052)
(3873, 2051)
(3872, 2050)
(3871, 2049)
(3870, 2048)
(3869, 2047)
(3868, 2046)
(3867, 2046)
(3866, 2045)
(3865, 2045)
(3864, 2044)
(3863, 2044)
(3862, 2043)
(3861, 2042)
(3860, 2042)
(3859, 2042)
(3858, 2041)
(3857, 2040)
(3856, 2041)
(3855, 2040)
(3854, 2039)
(3853, 2038)
(3852, 2037)
(3851, 2036)
(3850, 2035)
(3849, 2034)
(3848, 2033)
(3847, 2032)
(3846, 2031)
(3845, 2030)
(3844, 2029)
(3843, 2029)
(3842, 2029)
(3841, 2029)
(3840, 2028)
(3839, 2027)
(3838, 2026)
(3837, 2025)
(3836, 2024)
(3835, 2023)
(3834, 2022)
(3833, 2021)
(3832, 2020)
(3831, 2019)
(3830, 2018)
(3829, 2018)
(3828, 2018)
(3827, 2018)
(3826, 2017)
(3825, 2016)
(3824, 2017)
(3823, 2017)
(3822, 2017)
(3821, 2017)
(3820, 2016)
(3819, 2015)
(3818, 2015)
(3817, 2014)
(3816, 2013)
(3815, 2012)
(3814, 2011)
(3813, 2010)
(3812, 2009)
(3811, 2008)
(3810, 2007)
(3809, 2006)
(3808, 2005)
(3807, 2004)
(3806, 2003)
(3805, 2002)
(3804, 2001)
(3803, 2000)
(3802, 2000)
(3801, 1999)
(3800, 1998)
(3799, 1997)
(3798, 1996)
(3797, 1995)
(3796, 1995)
(3795, 1994)
(3794, 1993)
(3793, 1992)
(3792, 1991)
(3791, 1990)
(3790, 1989)
(3789, 1988)
(3788, 1988)
(3787, 1987)
(3786, 1987)
(3785, 1986)
(3784, 1986)
(3783, 1985)
(3782, 1984)
(3781, 1983)
(3780, 1982)
(3779, 1981)
(3778, 1980)
(3777, 1979)
(3776, 1978)
(3775, 1977)
(3774, 1976)
(3773, 1975)
(3772, 1974)
(3771, 1973)
(3770, 1972)
(3769, 1971)
(3768, 1970)
(3767, 1969)
(3766, 1968)
(3765, 1967)
(3764, 1966)
(3763, 1965)
(3762, 1964)
(3761, 1963)
(3760, 1962)
(3759, 1961)
(3758, 1960)
(3757, 1959)
(3756, 1958)
(3755, 1958)
(3754, 1958)
(3753, 1958)
(3752, 1957)
(3751, 1956)
(3750, 1955)
(3749, 1954)
(3748, 1953)
(3747, 1952)
(3746, 1951)
(3745, 1950)
(3744, 1949)
(3743, 1948)
(3742, 1947)
(3741, 1946)
(3740, 1945)
(3739, 1944)
(3738, 1943)
(3737, 1942)
(3736, 1941)
(3735, 1940)
(3734, 1939)
(3733, 1938)
(3732, 1937)
(3731, 1936)
(3730, 1935)
(3729, 1935)
(3728, 1934)
(3727, 1933)
(3726, 1932)
(3725, 1931)
(3724, 1930)
(3723, 1929)
(3722, 1928)
(3721, 1927)
(3720, 1926)
(3719, 1925)
(3718, 1924)
(3717, 1923)
(3716, 1922)
(3715, 1921)
(3714, 1920)
(3713, 1919)
(3712, 1918)
(3711, 1917)
(3710, 1916)
(3709, 1915)
(3708, 1915)
(3707, 1914)
(3706, 1913)
(3705, 1913)
(3704, 1912)
(3703, 1911)
(3702, 1910)
(3701, 1909)
(3700, 1908)
(3699, 1907)
(3698, 1906)
(3697, 1905)
(3696, 1904)
(3695, 1904)
(3694, 1903)
(3693, 1902)
(3692, 1901)
(3691, 1901)
(3690, 1900)
(3689, 1899)
(3688, 1898)
(3687, 1897)
(3686, 1896)
(3685, 1895)
(3684, 1894)
(3683, 1893)
(3682, 1892)
(3681, 1891)
(3680, 1890)
(3679, 1889)
(3678, 1888)
(3677, 1887)
(3676, 1886)
(3675, 1885)
(3674, 1884)
(3673, 1883)
(3672, 1882)
(3671, 1881)
(3670, 1880)
(3669, 1879)
(3668, 1878)
(3667, 1877)
(3666, 1877)
(3665, 1876)
(3664, 1876)
(3663, 1876)
(3662, 1875)
(3661, 1874)
(3660, 1873)
(3659, 1872)
(3658, 1871)
(3657, 1870)
(3656, 1869)
(3655, 1868)
(3654, 1867)
(3653, 1866)
(3652, 1865)
(3651, 1865)
(3650, 1864)
(3649, 1864)
(3648, 1863)
(3647, 1862)
(3646, 1861)
(3645, 1860)
(3644, 1859)
(3643, 1858)
(3642, 1857)
(3641, 1857)
(3640, 1856)
(3639, 1855)
(3638, 1854)
(3637, 1853)
(3636, 1852)
(3635, 1851)
(3634, 1850)
(3633, 1849)
(3632, 1848)
(3631, 1847)
(3630, 1846)
(3629, 1845)
(3628, 1844)
(3627, 1844)
(3626, 1843)
(3625, 1842)
(3624, 1841)
(3625, 1841)
(3624, 1840)
(3623, 1839)
(3622, 1838)
(3621, 1837)
(3620, 1836)
(3619, 1835)
(3618, 1834)
(3617, 1833)
(3616, 1832)
(3615, 1831)
(3614, 1830)
(3613, 1829)
(3612, 1828)
(3611, 1827)
(3610, 1826)
(3609, 1825)
(3608, 1824)
(3607, 1823)
(3606, 1822)
(3605, 1821)
(3604, 1820)
(3603, 1819)
(3602, 1818)
(3601, 1817)
(3600, 1816)
(3599, 1815)
(3598, 1814)
(3597, 1813)
(3596, 1812)
(3595, 1812)
(3594, 1812)
(3593, 1811)
(3592, 1811)
(3591, 1810)
(3590, 1809)
(3589, 1808)
(3588, 1807)
(3587, 1806)
(3586, 1805)
(3585, 1804)
(3584, 1803)
(3583, 1802)
(3582, 1801)
(3581, 1800)
(3580, 1799)
(3579, 1798)
(3578, 1797)
(3577, 1796)
(3576, 1796)
(3575, 1796)
(3575, 1797)
(3574, 1797)
(3573, 1798)
(3572, 1797)
(3571, 1796)
(3570, 1795)
(3569, 1794)
(3568, 1793)
(3567, 1792)
(3566, 1792)
(3565, 1791)
(3564, 1791)
(3563, 1790)
(3562, 1789)
(3561, 1788)
(3560, 1787)
(3559, 1786)
(3558, 1785)
(3557, 1784)
(3557, 1783)
(3556, 1782)
(3555, 1781)
(3554, 1780)
(3553, 1779)
(3552, 1780)
(3551, 1779)
(3550, 1778)
(3549, 1778)
(3548, 1779)
(3547, 1778)
(3546, 1778)
(3545, 1778)
(3544, 1777)
(3543, 1776)
(3542, 1775)
(3541, 1774)
(3540, 1773)
(3539, 1773)
(3538, 1772)
(3538, 1773)
(3537, 1773)
(3536, 1773)
(3535, 1773)
(3534, 1774)
(3534, 1775)
(3533, 1775)
(3532, 1775)
(3531, 1776)
(3530, 1776)
(3529, 1775)
(3528, 1774)
(3527, 1774)
(3526, 1775)
(3525, 1775)
(3524, 1774)
(3523, 1773)
(3522, 1772)
(3521, 1771)
(3520, 1770)
(3519, 1769)
(3518, 1768)
(3517, 1768)
(3516, 1768)
(3515, 1767)
(3514, 1766)
(3513, 1766)
(3512, 1765)
(3511, 1765)
(3510, 1766)
(3509, 1767)
(3508, 1767)
(3507, 1767)
(3506, 1768)
(3505, 1768)
(3504, 1768)
(3503, 1767)
(3502, 1766)
(3501, 1766)
(3500, 1767)
(3499, 1768)
(3498, 1768)
(3497, 1769)
(3496, 1770)
(3495, 1770)
(3494, 1770)
(3494, 1771)
(3493, 1771)
(3492, 1772)
(3491, 1773)
(3490, 1774)
(3489, 1775)
(3488, 1776)
(3487, 1777)
(3486, 1777)
(3485, 1776)
(3484, 1777)
(3483, 1776)
(3482, 1776)
(3481, 1777)
(3480, 1778)
(3479, 1779)
(3478, 1780)
(3477, 1781)
(3476, 1782)
(3475, 1782)
(3474, 1782)
(3473, 1783)
(3472, 1782)
(3471, 1781)
(3470, 1780)
(3469, 1779)
(3468, 1778)
(3467, 1777)
(3466, 1776)
(3465, 1775)
(3464, 1774)
(3463, 1773)
(3462, 1772)
(3461, 1771)
(3460, 1770)
(3459, 1771)
(3458, 1771)
(3457, 1770)
(3456, 1769)
(3455, 1769)
(3454, 1769)
(3453, 1769)
(3452, 1769)
(3451, 1769)
(3450, 1769)
(3449, 1769)
(3448, 1769)
(3447, 1769)
(3446, 1769)
(3445, 1769)
(3444, 1769)
(3443, 1769)
(3442, 1769)
(3441, 1769)
(3440, 1769)
(3439, 1769)
(3438, 1769)
(3437, 1770)
(3436, 1770)
(3435, 1770)
(3434, 1770)
(3433, 1770)
(3432, 1770)
(3431, 1769)
(3430, 1768)
(3429, 1767)
(3428, 1766)
(3427, 1765)
(3426, 1764)
(3425, 1763)
(3424, 1762)
(3423, 1761)
(3422, 1760)
(3421, 1759)
(3420, 1758)
(3419, 1757)
(3418, 1756)
(3417, 1755)
(3416, 1754)
(3415, 1753)
(3414, 1752)
(3413, 1751)
(3412, 1750)
(3411, 1749)
(3410, 1748)
(3409, 1747)
(3408, 1746)
(3407, 1745)
(3406, 1744)
(3405, 1743)
(3404, 1742)
(3403, 1741)
(3402, 1740)
(3401, 1739)
(3400, 1738)
(3399, 1737)
(3398, 1736)
(3397, 1735)
(3396, 1734)
(3395, 1733)
(3394, 1732)
(3393, 1731)
(3392, 1730)
(3391, 1729)
(3390, 1728)
(3389, 1727)
(3388, 1726)
(3387, 1725)
(3386, 1724)
(3385, 1723)
(3384, 1724)
(3383, 1723)
(3382, 1722)
(3381, 1721)
(3380, 1720)
(3379, 1721)
(3378, 1721)
(3377, 1720)
(3376, 1719)
(3375, 1718)
(3374, 1717)
(3373, 1716)
(3372, 1715)
(3371, 1715)
(3370, 1714)
(3369, 1713)
(3368, 1713)
(3367, 1712)
(3366, 1711)
(3365, 1710)
(3364, 1709)
(3363, 1708)
(3362, 1707)
(3361, 1706)
(3360, 1705)
(3359, 1704)
(3358, 1703)
(3358, 1704)
(3357, 1704)
(3356, 1704)
(3355, 1703)
(3354, 1702)
(3353, 1701)
(3352, 1700)
(3351, 1699)
(3350, 1698)
(3349, 1697)
(3348, 1696)
(3347, 1695)
(3346, 1694)
(3345, 1693)
(3344, 1692)
(3343, 1691)
(3342, 1690)
(3341, 1689)
(3340, 1688)
(3339, 1687)
(3338, 1686)
(3337, 1685)
(3336, 1684)
(3335, 1684)
(3334, 1683)
(3333, 1682)
(3332, 1681)
(3331, 1680)
(3330, 1679)
(3329, 1678)
(3328, 1679)
(3327, 1680)
(3326, 1680)
(3325, 1679)
(3324, 1679)
(3323, 1678)
(3322, 1677)
(3321, 1677)
(3320, 1676)
(3319, 1675)
(3318, 1675)
(3317, 1675)
(3316, 1674)
(3315, 1673)
(3314, 1672)
(3313, 1671)
(3312, 1670)
(3311, 1669)
(3310, 1668)
(3309, 1668)
(3308, 1667)
(3307, 1667)
(3306, 1666)
(3305, 1665)
(3304, 1664)
(3303, 1663)
(3302, 1662)
(3301, 1661)
(3300, 1660)
(3299, 1660)
(3298, 1659)
(3297, 1658)
(3296, 1657)
(3295, 1656)
(3294, 1655)
(3293, 1654)
(3292, 1654)
(3291, 1653)
(3290, 1652)
(3289, 1651)
(3288, 1650)
(3287, 1649)
(3286, 1648)
(3285, 1647)
(3284, 1646)
(3283, 1645)
(3282, 1644)
(3281, 1643)
(3280, 1642)
(3279, 1641)
(3278, 1641)
(3277, 1641)
(3276, 1640)
(3275, 1640)
(3274, 1639)
(3273, 1640)
(3272, 1641)
(3271, 1641)
(3270, 1641)
(3269, 1641)
(3268, 1641)
(3267, 1641)
(3266, 1641)
(3265, 1641)
(3264, 1641)
(3263, 1641)
(3262, 1641)
(3261, 1641)
(3260, 1641)
(3259, 1640)
(3258, 1640)
(3257, 1639)
(3256, 1638)
(3255, 1637)
(3254, 1636)
(3253, 1635)
(3252, 1635)
(3251, 1634)
(3250, 1633)
(3249, 1632)
(3248, 1631)
(3247, 1630)
(3246, 1629)
(3245, 1628)
(3244, 1627)
(3243, 1626)
(3242, 1625)
(3241, 1624)
(3240, 1623)
(3239, 1622)
(3238, 1621)
(3237, 1620)
(3236, 1619)
(3235, 1618)
(3234, 1617)
(3233, 1616)
(3232, 1615)
(3231, 1614)
(3230, 1613)
(3229, 1612)
(3228, 1611)
(3227, 1610)
(3226, 1609)
(3225, 1608)
(3224, 1607)
(3223, 1606)
(3222, 1605)
(3221, 1604)
(3220, 1605)
(3219, 1605)
(3218, 1604)
(3217, 1603)
(3216, 1602)
(3215, 1601)
(3214, 1600)
(3213, 1599)
(3212, 1598)
(3211, 1597)
(3210, 1596)
(3209, 1595)
(3208, 1594)
(3207, 1594)
(3206, 1593)
(3205, 1592)
(3204, 1593)
(3203, 1594)
(3202, 1594)
(3201, 1593)
(3200, 1592)
(3199, 1591)
(3198, 1590)
(3197, 1589)
(3196, 1588)
(3195, 1587)
(3194, 1586)
(3193, 1585)
(3192, 1585)
(3191, 1585)
(3190, 1584)
(3189, 1584)
(3188, 1583)
(3187, 1582)
(3186, 1582)
(3185, 1582)
(3184, 1581)
(3183, 1580)
(3182, 1579)
(3181, 1578)
(3180, 1579)
(3179, 1579)
(3178, 1579)
(3177, 1579)
(3176, 1578)
(3175, 1577)
(3174, 1576)
(3173, 1576)
(3172, 1577)
(3171, 1577)
(3170, 1577)
(3170, 1578)
(3169, 1577)
(3168, 1576)
(3167, 1575)
(3166, 1574)
(3165, 1573)
(3164, 1573)
(3163, 1572)
(3162, 1571)
(3161, 1570)
(3160, 1570)
(3159, 1570)
(3158, 1569)
(3157, 1568)
(3156, 1568)
(3155, 1567)
(3154, 1566)
(3153, 1565)
(3152, 1564)
(3151, 1563)
(3150, 1562)
(3149, 1562)
(3148, 1561)
(3147, 1560)
(3146, 1559)
(3145, 1558)
(3144, 1557)
(3143, 1556)
(3142, 1555)
(3141, 1554)
(3140, 1553)
(3139, 1552)
(3138, 1551)
(3137, 1550)
(3136, 1549)
(3135, 1548)
(3134, 1547)
(3133, 1546)
(3132, 1545)
(3131, 1544)
(3130, 1543)
(3129, 1542)
(3128, 1541)
(3127, 1540)
(3126, 1539)
(3125, 1538)
(3124, 1537)
(3123, 1536)
(3122, 1535)
(3121, 1534)
(3120, 1533)
(3119, 1532)
(3118, 1531)
(3117, 1530)
(3116, 1529)
(3115, 1528)
(3114, 1527)
(3113, 1526)
(3112, 1525)
(3111, 1525)
(3110, 1524)
(3109, 1523)
(3108, 1522)
(3107, 1521)
(3106, 1520)
(3105, 1519)
(3104, 1518)
(3103, 1517)
(3102, 1516)
(3101, 1515)
(3100, 1514)
(3099, 1513)
(3098, 1512)
(3097, 1511)
(3096, 1510)
(3095, 1509)
(3094, 1508)
(3093, 1507)
(3092, 1507)
(3091, 1508)
(3090, 1508)
(3089, 1507)
(3088, 1506)
(3087, 1507)
(3086, 1507)
(3086, 1508)
(3085, 1508)
(3084, 1509)
(3083, 1510)
(3082, 1511)
(3081, 1512)
(3080, 1512)
(3079, 1511)
(3078, 1510)
(3077, 1510)
(3076, 1509)
(3075, 1508)
(3074, 1507)
(3073, 1506)
(3072, 1505)
(3071, 1505)
(3070, 1505)
(3069, 1504)
(3068, 1503)
(3067, 1502)
(3066, 1502)
(3065, 1502)
(3064, 1501)
(3063, 1500)
(3062, 1499)
(3061, 1498)
(3060, 1498)
(3059, 1498)
(3058, 1499)
(3057, 1499)
(3056, 1498)
(3055, 1497)
(3054, 1496)
(3053, 1497)
(3052, 1496)
(3051, 1495)
(3050, 1496)
(3049, 1496)
(3048, 1495)
(3047, 1494)
(3046, 1493)
(3045, 1492)
(3044, 1491)
(3043, 1490)
(3042, 1490)
(3041, 1491)
(3040, 1491)
(3039, 1490)
(3038, 1489)
(3037, 1488)
(3036, 1487)
(3035, 1486)
(3034, 1485)
(3033, 1484)
(3032, 1483)
(3031, 1482)
(3030, 1481)
(3029, 1480)
(3028, 1479)
(3027, 1478)
(3026, 1477)
(3025, 1477)
(3024, 1476)
(3023, 1475)
(3022, 1474)
(3021, 1473)
(3020, 1473)
(3019, 1472)
(3018, 1471)
(3017, 1470)
(3016, 1469)
(3015, 1468)
(3014, 1467)
(3013, 1466)
(3012, 1465)
(3011, 1464)
(3010, 1463)
(3009, 1462)
(3008, 1461)
(3007, 1460)
(3006, 1459)
(3005, 1458)
(3004, 1457)
(3003, 1456)
(3002, 1455)
(3001, 1454)
(3000, 1453)
(2999, 1452)
(2998, 1451)
(2997, 1450)
(2996, 1450)
(2995, 1450)
(2994, 1449)
(2993, 1448)
(2992, 1447)
(2991, 1446)
(2990, 1446)
(2989, 1445)
(2988, 1444)
(2987, 1443)
(2986, 1443)
(2985, 1443)
(2984, 1443)
(2983, 1442)
(2982, 1441)
(2981, 1441)
(2980, 1440)
(2979, 1439)
(2978, 1438)
(2977, 1437)
(2976, 1436)
(2975, 1435)
(2974, 1434)
(2973, 1433)
(2972, 1432)
(2971, 1431)
(2970, 1430)
(2969, 1429)
(2968, 1428)
(2967, 1429)
(2966, 1428)
(2965, 1427)
(2964, 1426)
(2963, 1425)
(2962, 1424)
(2961, 1423)
(2960, 1422)
(2959, 1421)
(2958, 1420)
(2957, 1419)
(2956, 1418)
(2955, 1417)
(2954, 1417)
(2953, 1417)
(2952, 1417)
(2951, 1416)
(2950, 1415)
(2949, 1415)
(2948, 1414)
(2947, 1414)
(2946, 1413)
(2945, 1412)
(2944, 1411)
(2943, 1410)
(2942, 1409)
(2941, 1408)
(2940, 1407)
(2939, 1406)
(2938, 1405)
(2937, 1404)
(2936, 1403)
(2935, 1402)
(2934, 1401)
(2933, 1400)
(2932, 1399)
(2931, 1398)
(2930, 1397)
(2929, 1396)
(2928, 1395)
(2927, 1394)
(2926, 1393)
(2925, 1392)
(2924, 1391)
(2923, 1390)
(2922, 1389)
(2921, 1388)
(2920, 1387)
(2919, 1386)
(2918, 1385)
(2917, 1384)
(2916, 1383)
(2915, 1382)
(2914, 1381)
(2913, 1380)
(2912, 1379)
(2911, 1378)
(2910, 1377)
(2909, 1376)
(2908, 1375)
(2907, 1374)
(2906, 1373)
(2905, 1372)
(2904, 1371)
(2903, 1370)
(2902, 1369)
(2901, 1368)
(2900, 1367)
(2899, 1366)
(2898, 1365)
(2897, 1364)
(2896, 1363)
(2895, 1362)
(2894, 1361)
(2893, 1361)
(2892, 1360)
(2891, 1359)
(2890, 1358)
(2889, 1357)
(2888, 1357)
(2887, 1356)
(2886, 1355)
(2885, 1354)
(2884, 1353)
(2883, 1352)
(2882, 1351)
(2881, 1350)
(2880, 1349)
(2879, 1348)
(2878, 1347)
(2877, 1346)
(2876, 1345)
(2875, 1344)
(2874, 1343)
(2873, 1342)
(2872, 1341)
(2871, 1340)
(2870, 1339)
(2869, 1338)
(2868, 1337)
(2867, 1337)
(2866, 1336)
(2865, 1335)
(2864, 1334)
(2863, 1333)
(2862, 1332)
(2861, 1331)
(2860, 1330)
(2859, 1329)
(2858, 1328)
(2857, 1327)
(2856, 1326)
(2855, 1325)
(2854, 1324)
(2853, 1323)
(2852, 1322)
(2851, 1321)
(2850, 1320)
(2849, 1319)
(2848, 1318)
(2847, 1317)
(2846, 1316)
(2845, 1315)
(2844, 1314)
(2843, 1313)
(2842, 1312)
(2841, 1311)
(2840, 1310)
(2839, 1309)
(2838, 1308)
(2837, 1307)
(2836, 1306)
(2835, 1305)
(2834, 1304)
(2833, 1303)
(2832, 1302)
(2831, 1301)
(2830, 1300)
(2829, 1299)
(2828, 1298)
(2827, 1298)
(2826, 1297)
(2825, 1296)
(2824, 1295)
(2823, 1294)
(2822, 1293)
(2821, 1292)
(2820, 1291)
(2819, 1290)
(2818, 1289)
(2817, 1288)
(2816, 1287)
(2815, 1286)
(2814, 1285)
(2813, 1284)
(2812, 1283)
(2811, 1282)
(2810, 1281)
(2809, 1280)
(2808, 1279)
(2807, 1278)
(2806, 1278)
(2805, 1277)
(2804, 1276)
(2803, 1275)
(2802, 1274)
(2801, 1273)
(2800, 1272)
(2799, 1271)
(2798, 1270)
(2797, 1269)
(2796, 1268)
(2795, 1267)
(2794, 1266)
(2793, 1265)
(2792, 1264)
(2791, 1263)
(2790, 1262)
(2789, 1262)
(2788, 1261)
(2787, 1260)
(2786, 1259)
(2785, 1258)
(2784, 1257)
(2783, 1256)
(2782, 1257)
(2781, 1256)
(2780, 1256)
(2779, 1255)
(2778, 1256)
(2777, 1256)
(2776, 1255)
(2775, 1254)
(2774, 1253)
(2773, 1252)
(2772, 1251)
(2771, 1250)
(2770, 1250)
(2769, 1249)
(2768, 1248)
(2767, 1247)
(2766, 1246)
(2765, 1245)
(2764, 1246)
(2763, 1246)
(2762, 1245)
(2761, 1244)
(2760, 1243)
(2759, 1242)
(2758, 1241)
(2757, 1240)
(2756, 1239)
(2755, 1238)
(2754, 1237)
(2753, 1236)
(2752, 1235)
(2751, 1234)
(2750, 1233)
(2749, 1232)
(2748, 1231)
(2747, 1230)
(2746, 1229)
(2745, 1228)
(2744, 1227)
(2743, 1226)
(2742, 1225)
(2741, 1224)
(2740, 1223)
(2739, 1222)
(2738, 1222)
(2737, 1222)
(2736, 1221)
(2735, 1220)
(2734, 1219)
(2733, 1218)
(2732, 1217)
(2731, 1216)
(2730, 1217)
(2729, 1216)
(2728, 1215)
(2727, 1214)
(2726, 1213)
(2725, 1212)
(2724, 1211)
(2723, 1210)
(2722, 1209)
(2721, 1208)
(2720, 1207)
(2719, 1206)
(2718, 1205)
(2717, 1204)
(2716, 1203)
(2715, 1202)
(2714, 1201)
(2713, 1200)
(2712, 1199)
(2711, 1198)
(2710, 1197)
(2709, 1196)
(2708, 1195)
(2707, 1194)
(2706, 1193)
(2705, 1192)
(2704, 1191)
(2703, 1190)
(2702, 1189)
(2701, 1188)
(2700, 1187)
(2699, 1186)
(2698, 1185)
(2697, 1184)
(2696, 1183)
(2695, 1183)
(2694, 1182)
(2693, 1182)
(2692, 1181)
(2691, 1181)
(2690, 1180)
(2689, 1179)
(2688, 1178)
(2687, 1177)
(2686, 1176)
(2685, 1175)
(2684, 1174)
(2683, 1173)
(2682, 1172)
(2681, 1171)
(2680, 1170)
(2679, 1169)
(2678, 1168)
(2677, 1167)
(2676, 1166)
(2675, 1165)
(2674, 1164)
(2673, 1163)
(2672, 1162)
(2671, 1161)
(2670, 1160)
(2669, 1159)
(2668, 1158)
(2667, 1157)
(2666, 1156)
(2665, 1155)
(2664, 1154)
(2663, 1153)
(2662, 1152)
(2661, 1151)
(2660, 1150)
(2659, 1149)
(2658, 1148)
(2657, 1147)
(2656, 1146)
(2655, 1146)
(2654, 1146)
(2653, 1145)
(2652, 1144)
(2651, 1143)
(2650, 1142)
(2649, 1141)
(2648, 1140)
(2647, 1139)
(2646, 1138)
(2645, 1137)
(2644, 1137)
(2643, 1136)
(2642, 1135)
(2641, 1134)
(2640, 1133)
(2639, 1132)
(2638, 1131)
(2637, 1131)
(2636, 1130)
(2635, 1129)
(2634, 1128)
(2633, 1127)
(2632, 1126)
(2631, 1126)
(2630, 1125)
(2629, 1124)
(2628, 1123)
(2627, 1122)
(2626, 1121)
(2625, 1120)
(2624, 1119)
(2623, 1118)
(2622, 1117)
(2621, 1116)
(2620, 1115)
(2619, 1114)
(2618, 1113)
(2617, 1112)
(2616, 1111)
(2615, 1110)
(2614, 1109)
(2613, 1108)
(2612, 1109)
(2611, 1109)
(2610, 1108)
(2609, 1107)
(2608, 1106)
(2607, 1106)
(2606, 1105)
(2605, 1104)
(2604, 1103)
(2603, 1102)
(2602, 1101)
(2601, 1101)
(2600, 1100)
(2599, 1099)
(2598, 1098)
(2597, 1097)
(2596, 1097)
(2595, 1097)
(2594, 1096)
(2593, 1095)
(2592, 1094)
(2591, 1093)
(2590, 1092)
(2589, 1091)
(2588, 1090)
(2587, 1089)
(2586, 1088)
(2585, 1087)
(2584, 1086)
(2583, 1086)
(2582, 1085)
(2581, 1084)
(2580, 1084)
(2579, 1083)
(2578, 1082)
(2577, 1081)
(2576, 1080)
(2575, 1079)
(2574, 1078)
(2573, 1077)
(2572, 1077)
(2571, 1076)
(2570, 1075)
(2569, 1075)
(2568, 1075)
(2567, 1074)
(2566, 1073)
(2565, 1072)
(2564, 1072)
(2563, 1071)
(2562, 1070)
(2561, 1069)
(2560, 1069)
(2559, 1068)
(2558, 1067)
(2557, 1066)
(2556, 1065)
(2555, 1064)
(2554, 1064)
(2553, 1065)
(2552, 1066)
(2551, 1066)
(2550, 1065)
(2549, 1065)
(2548, 1064)
(2547, 1063)
(2546, 1063)
(2545, 1062)
(2544, 1061)
(2543, 1060)
(2542, 1059)
(2541, 1058)
(2540, 1057)
(2539, 1056)
(2538, 1055)
(2537, 1054)
(2536, 1053)
(2535, 1052)
(2534, 1051)
(2533, 1050)
(2532, 1049)
(2531, 1048)
(2530, 1047)
(2529, 1046)
(2528, 1045)
(2527, 1044)
(2526, 1043)
(2525, 1042)
(2524, 1041)
(2523, 1040)
(2522, 1039)
(2521, 1038)
(2520, 1037)
(2519, 1036)
(2518, 1035)
(2517, 1034)
(2516, 1033)
(2515, 1032)
(2514, 1031)
(2513, 1030)
(2512, 1029)
(2511, 1028)
(2510, 1027)
(2509, 1026)
(2508, 1026)
(2507, 1026)
(2506, 1026)
(2505, 1026)
(2504, 1025)
(2503, 1024)
(2502, 1023)
(2501, 1022)
(2500, 1021)
(2499, 1020)
(2498, 1020)
(2497, 1019)
(2496, 1018)
(2495, 1018)
(2494, 1018)
(2493, 1018)
(2494, 1019)
(2493, 1019)
(2492, 1019)
(2491, 1020)
(2490, 1020)
(2489, 1019)
(2488, 1019)
(2487, 1018)
(2486, 1018)
(2485, 1019)
(2484, 1019)
(2483, 1019)
(2482, 1018)
(2481, 1017)
(2480, 1016)
(2479, 1016)
(2478, 1015)
(2477, 1014)
(2476, 1014)
(2475, 1014)
(2474, 1014)
(2473, 1014)
(2472, 1014)
(2471, 1014)
(2470, 1014)
(2469, 1014)
(2468, 1014)
(2467, 1014)
(2466, 1015)
(2467, 1015)
(2468, 1016)
(2467, 1016)
(2466, 1016)
(2465, 1016)
(2464, 1017)
(2465, 1017)
(2464, 1018)
(2463, 1018)
(2462, 1018)
(2461, 1018)
(2460, 1018)
(2459, 1018)
(2458, 1018)
(2457, 1018)
(2456, 1018)
(2455, 1018)
(2454, 1017)
(2453, 1016)
(2452, 1015)
(2451, 1014)
(2450, 1013)
(2449, 1013)
(2448, 1012)
(2447, 1011)
(2446, 1010)
(2445, 1010)
(2444, 1009)
(2443, 1008)
(2442, 1007)
(2441, 1006)
(2440, 1005)
(2439, 1005)
(2438, 1005)
(2437, 1006)
(2436, 1006)
(2435, 1005)
(2434, 1004)
(2433, 1003)
(2432, 1003)
(2431, 1002)
(2430, 1001)
(2429, 1001)
(2428, 1001)
(2427, 1001)
(2426, 1001)
(2425, 1000)
(2424, 1001)
(2423, 1001)
(2422, 1000)
(2421, 1000)
(2420, 999)
(2419, 998)
(2418, 997)
(2417, 997)
(2416, 997)
(2415, 997)
(2414, 997)
(2413, 996)
(2412, 995)
(2411, 994)
(2410, 993)
(2409, 992)
(2408, 991)
(2407, 990)
(2406, 990)
(2405, 990)
(2404, 990)
(2403, 990)
(2402, 990)
(2401, 989)
(2400, 988)
(2399, 987)
(2398, 986)
(2397, 985)
(2396, 984)
(2395, 983)
(2394, 982)
(2393, 982)
(2392, 981)
(2391, 980)
(2390, 980)
(2389, 980)
(2388, 979)
(2387, 978)
(2386, 977)
(2385, 976)
(2384, 975)
(2383, 975)
(2382, 976)
(2381, 976)
(2380, 976)
(2379, 976)
(2378, 975)
(2377, 975)
(2376, 975)
(2375, 974)
(2374, 973)
(2373, 973)
(2372, 973)
(2371, 973)
(2370, 972)
(2369, 971)
(2368, 970)
(2367, 969)
(2366, 968)
(2365, 968)
(2364, 967)
(2363, 967)
(2362, 966)
(2361, 965)
(2360, 965)
(2359, 965)
(2358, 965)
(2357, 965)
(2356, 965)
(2355, 965)
(2354, 965)
(2353, 965)
(2352, 965)
(2351, 965)
(2350, 964)
(2349, 963)
(2348, 962)
(2347, 962)
(2346, 961)
(2345, 960)
(2344, 959)
(2343, 958)
(2342, 957)
(2341, 956)
(2340, 955)
(2339, 954)
(2338, 954)
(2337, 953)
(2336, 952)
(2335, 952)
(2335, 953)
(2334, 953)
(2333, 954)
(2332, 954)
(2331, 954)
(2330, 954)
(2329, 953)
(2328, 953)
(2327, 952)
(2326, 952)
(2325, 953)
(2324, 953)
(2323, 954)
(2322, 955)
(2322, 956)
(2321, 956)
(2320, 957)
(2319, 957)
(2318, 957)
(2317, 958)
(2316, 958)
(2315, 958)
(2314, 959)
(2313, 959)
(2312, 959)
(2311, 959)
(2310, 959)
(2309, 959)
(2308, 959)
(2307, 959)
(2306, 960)
(2305, 961)
(2304, 961)
(2303, 961)
(2302, 961)
(2301, 961)
(2300, 961)
(2299, 961)
(2298, 961)
(2297, 961)
(2296, 962)
(2295, 962)
(2294, 962)
(2293, 962)
(2292, 961)
(2291, 961)
(2290, 961)
(2289, 961)
(2288, 961)
(2287, 961)
(2286, 961)
(2285, 961)
(2284, 960)
(2283, 960)
(2282, 959)
(2281, 958)
(2280, 957)
(2279, 956)
(2278, 955)
(2277, 954)
(2276, 955)
(2275, 955)
(2274, 955)
(2273, 954)
(2272, 953)
(2271, 953)
(2270, 953)
(2269, 953)
(2268, 953)
(2267, 953)
(2266, 953)
(2265, 952)
(2264, 952)
(2263, 952)
(2262, 952)
(2261, 953)
(2260, 954)
(2259, 954)
(2258, 954)
(2257, 954)
(2256, 954)
(2255, 954)
(2254, 954)
(2253, 954)
(2252, 954)
(2251, 955)
(2251, 956)
(2250, 956)
(2249, 956)
(2248, 956)
(2247, 957)
(2246, 958)
(2245, 958)
(2244, 959)
(2243, 959)
(2242, 960)
(2242, 961)
(2241, 961)
(2240, 961)
(2239, 962)
(2238, 962)
(2237, 963)
(2236, 964)
(2235, 964)
(2234, 965)
(2233, 965)
(2232, 965)
(2231, 966)
(2230, 966)
(2229, 966)
(2228, 967)
(2227, 967)
(2226, 967)
(2225, 967)
(2224, 967)
(2223, 967)
(2222, 967)
(2222, 968)
(2221, 968)
(2221, 969)
(2220, 969)
(2219, 969)
(2218, 970)
(2217, 970)
(2216, 969)
(2215, 969)
(2214, 968)
(2213, 967)
(2212, 966)
(2211, 965)
(2210, 964)
(2209, 963)
(2208, 963)
(2207, 963)
(2206, 963)
(2205, 963)
(2204, 963)
(2203, 963)
(2202, 964)
(2201, 964)
(2200, 964)
(2199, 965)
(2198, 965)
(2197, 966)
(2196, 966)
(2196, 967)
(2195, 968)
(2194, 969)
(2193, 970)
(2192, 971)
(2191, 972)
(2190, 972)
(2189, 973)
(2188, 973)
(2187, 973)
(2186, 973)
(2185, 973)
(2184, 973)
(2183, 972)
(2182, 973)
(2181, 973)
(2181, 974)
(2180, 974)
(2179, 975)
(2178, 975)
(2177, 974)
(2176, 974)
(2175, 974)
(2174, 974)
(2173, 974)
(2172, 974)
(2171, 974)
(2170, 975)
(2169, 975)
(2168, 976)
(2167, 977)
(2166, 977)
(2165, 978)
(2164, 979)
(2163, 979)
(2162, 980)
(2161, 981)
(2160, 982)
(2159, 983)
(2158, 984)
(2157, 985)
(2156, 985)
(2155, 985)
(2154, 985)
(2153, 986)
(2152, 986)
(2151, 985)
(2150, 984)
(2149, 984)
(2148, 984)
(2147, 985)
(2146, 985)
(2145, 986)
(2144, 987)
(2143, 987)
(2142, 986)
(2141, 985)
(2140, 985)
(2140, 986)
(2139, 986)
(2138, 987)
(2137, 987)
(2136, 988)
(2135, 989)
(2134, 990)
(2133, 991)
(2132, 992)
(2131, 992)
(2130, 992)
(2129, 992)
(2128, 993)
(2127, 993)
(2126, 993)
(2125, 993)
(2124, 992)
(2123, 993)
(2122, 993)
(2121, 992)
(2120, 992)
(2119, 993)
(2118, 994)
(2117, 994)
(2116, 995)
(2115, 996)
(2114, 996)
(2113, 997)
(2112, 997)
(2112, 998)
(2111, 998)
(2110, 998)
(2109, 998)
(2108, 997)
(2107, 998)
(2106, 998)
(2105, 998)
(2106, 999)
(2105, 999)
(2104, 999)
(2103, 1000)
(2102, 1000)
(2102, 1001)
(2101, 1001)
(2100, 1001)
(2099, 1001)
(2098, 1001)
(2097, 1001)
(2096, 1000)
(2095, 999)
(2094, 999)
(2093, 999)
(2092, 998)
(2091, 998)
(2090, 998)
(2089, 998)
(2088, 998)
(2087, 999)
(2086, 999)
(2085, 1000)
(2084, 1000)
(2083, 1000)
(2082, 1000)
(2081, 1001)
(2080, 1001)
(2079, 1001)
(2078, 1002)
(2078, 1003)
(2077, 1003)
(2076, 1004)
(2075, 1004)
(2074, 1004)
(2073, 1004)
(2072, 1004)
(2071, 1004)
(2070, 1004)
(2069, 1005)
(2068, 1005)
(2067, 1004)
(2066, 1005)
(2065, 1005)
(2064, 1005)
(2063, 1005)
(2062, 1005)
(2061, 1005)
(2060, 1005)
(2059, 1005)
(2058, 1005)
(2057, 1005)
(2056, 1006)
(2055, 1007)
(2054, 1008)
(2053, 1008)
(2052, 1008)
(2051, 1008)
(2050, 1008)
(2049, 1008)
(2048, 1009)
(2049, 1010)
(2048, 1010)
(2047, 1010)
(2046, 1011)
(2045, 1012)
(2044, 1012)
(2043, 1013)
(2042, 1013)
(2041, 1014)
(2040, 1014)
(2039, 1014)
(2038, 1014)
(2037, 1015)
(2037, 1016)
(2036, 1017)
(2035, 1017)
(2034, 1017)
(2033, 1018)
(2032, 1018)
(2031, 1019)
(2030, 1020)
(2029, 1021)
(2028, 1022)
(2027, 1023)
(2026, 1024)
(2025, 1024)
(2024, 1025)
(2023, 1025)
(2022, 1025)
(2021, 1025)
(2020, 1025)
(2019, 1025)
(2018, 1026)
(2017, 1026)
(2016, 1026)
(2015, 1026)
(2014, 1026)
(2013, 1026)
(2012, 1026)
(2011, 1027)
(2010, 1028)
(2009, 1029)
(2008, 1030)
(2007, 1031)
(2006, 1031)
(2005, 1031)
(2004, 1031)
(2005, 1032)
(2004, 1032)
(2003, 1032)
(2002, 1033)
(2001, 1034)
(2000, 1035)
(1999, 1036)
(1999, 1037)
(1998, 1037)
(1997, 1037)
(1996, 1038)
(1995, 1039)
(1994, 1040)
(1993, 1040)
(1992, 1040)
(1991, 1040)
(1991, 1041)
(1990, 1041)
(1989, 1042)
(1988, 1043)
(1987, 1044)
(1986, 1045)
(1985, 1046)
(1984, 1046)
(1984, 1047)
(1983, 1048)
(1982, 1048)
(1981, 1049)
(1981, 1050)
(1980, 1051)
(1979, 1051)
(1978, 1052)
(1977, 1053)
(1976, 1053)
(1975, 1054)
(1974, 1055)
(1973, 1055)
(1972, 1055)
(1972, 1056)
(1971, 1056)
(1970, 1056)
(1969, 1056)
(1968, 1057)
(1967, 1057)
(1966, 1058)
(1965, 1059)
(1965, 1060)
(1964, 1061)
(1965, 1061)
(1965, 1062)
(1964, 1063)
(1963, 1064)
(1962, 1065)
(1961, 1066)
(1960, 1067)
(1959, 1068)
(1958, 1069)
(1957, 1070)
(1957, 1071)
(1958, 1070)
(1958, 1071)
(1959, 1071)
(1959, 1072)
(1959, 1073)
(1960, 1073)
(1960, 1074)
(1960, 1075)
(1961, 1074)
(1961, 1075)
(1961, 1076)
(1960, 1077)
(1959, 1078)
(1958, 1078)
(1957, 1078)
(1956, 1079)
(1957, 1080)
(1958, 1080)
(1958, 1081)
(1959, 1081)
(1959, 1082)
(1960, 1082)
(1960, 1083)
(1959, 1084)
(1958, 1085)
(1959, 1085)
(1959, 1086)
(1959, 1087)
(1958, 1088)
(1957, 1089)
(1956, 1089)
(1955, 1089)
(1954, 1089)
(1953, 1089)
(1954, 1090)
(1953, 1091)
(1954, 1091)
(1954, 1092)
(1955, 1091)
(1955, 1092)
(1955, 1093)
(1955, 1094)
(1954, 1095)
(1953, 1096)
(1952, 1097)
(1952, 1098)
(1951, 1099)
(1950, 1099)
(1951, 1100)
(1950, 1100)
(1949, 1100)
(1948, 1101)
(1947, 1102)
(1946, 1103)
(1945, 1104)
(1944, 1104)
(1943, 1104)
(1942, 1104)
(1941, 1104)
(1940, 1104)
(1939, 1104)
(1938, 1105)
(1937, 1106)
(1936, 1107)
(1935, 1108)
(1934, 1109)
(1935, 1109)
(1936, 1110)
(1935, 1110)
(1934, 1110)
(1934, 1111)
(1933, 1112)
(1932, 1112)
(1931, 1113)
(1930, 1114)
(1929, 1114)
(1928, 1114)
(1927, 1114)
(1926, 1115)
(1925, 1116)
(1924, 1116)
(1923, 1117)
(1922, 1118)
(1921, 1119)
(1920, 1120)
(1919, 1120)
(1918, 1119)
(1917, 1119)
(1917, 1120)
(1916, 1119)
(1915, 1118)
(1914, 1118)
(1913, 1118)
(1912, 1118)
(1911, 1118)
(1910, 1119)
(1909, 1120)
(1908, 1121)
(1907, 1122)
(1906, 1123)
(1905, 1123)
(1904, 1123)
(1903, 1124)
(1902, 1124)
(1901, 1125)
(1900, 1126)
(1901, 1126)
(1901, 1127)
(1900, 1128)
(1899, 1128)
(1898, 1128)
(1897, 1128)
(1896, 1128)
(1895, 1129)
(1894, 1130)
(1893, 1131)
(1892, 1132)
(1891, 1133)
(1890, 1134)
(1889, 1134)
(1888, 1134)
(1889, 1135)
(1888, 1135)
(1887, 1135)
(1886, 1136)
(1885, 1136)
(1885, 1137)
(1884, 1137)
(1883, 1138)
(1882, 1138)
(1883, 1139)
(1883, 1140)
(1882, 1141)
(1881, 1142)
(1880, 1143)
(1879, 1143)
(1878, 1144)
(1877, 1145)
(1876, 1145)
(1875, 1146)
(1875, 1147)
(1874, 1148)
(1873, 1149)
(1872, 1150)
(1871, 1151)
(1870, 1152)
(1869, 1153)
(1869, 1154)
(1869, 1155)
(1868, 1155)
(1867, 1156)
(1866, 1156)
(1865, 1156)
(1864, 1156)
(1863, 1156)
(1862, 1156)
(1861, 1156)
(1862, 1157)
(1861, 1157)
(1860, 1157)
(1859, 1158)
(1858, 1159)
(1857, 1159)
(1856, 1160)
(1856, 1161)
(1856, 1162)
(1855, 1163)
(1854, 1164)
(1853, 1165)
(1852, 1166)
(1851, 1167)
(1850, 1167)
(1850, 1168)
(1849, 1168)
(1850, 1169)
(1849, 1169)
(1848, 1170)
(1847, 1171)
(1847, 1172)
(1846, 1173)
(1847, 1173)
(1846, 1174)
(1845, 1175)
(1846, 1176)
(1845, 1176)
(1844, 1176)
(1843, 1177)
(1842, 1177)
(1841, 1177)
(1840, 1178)
(1840, 1179)
(1839, 1180)
(1838, 1181)
(1839, 1182)
(1840, 1183)
(1840, 1184)
(1840, 1185)
(1839, 1186)
(1840, 1187)
(1841, 1187)
(1841, 1188)
(1842, 1188)
(1842, 1189)
(1842, 1190)
(1842, 1191)
(1841, 1192)
(1840, 1192)
(1839, 1192)
(1838, 1192)
(1837, 1193)
(1837, 1194)
(1838, 1193)
(1838, 1194)
(1839, 1194)
(1839, 1195)
(1839, 1196)
(1840, 1196)
(1840, 1197)
(1840, 1198)
(1841, 1198)
(1841, 1199)
(1842, 1199)
(1842, 1200)
(1843, 1200)
(1843, 1201)
(1844, 1201)
(1844, 1202)
(1844, 1203)
(1844, 1204)
(1843, 1205)
(1842, 1205)
(1841, 1206)
(1841, 1207)
(1841, 1208)
(1840, 1209)
(1839, 1210)
(1839, 1211)
(1839, 1212)
(1840, 1211)
(1840, 1212)
(1841, 1212)
(1842, 1212)
(1842, 1213)
(1843, 1213)
(1843, 1214)
(1843, 1215)
(1844, 1214)
(1844, 1215)
(1844, 1216)
(1844, 1217)
(1843, 1218)
(1842, 1219)
(1841, 1219)
(1842, 1220)
(1841, 1221)
(1840, 1221)
(1839, 1222)
(1840, 1222)
(1840, 1223)
(1840, 1224)
(1839, 1225)
(1839, 1226)
(1838, 1227)
(1837, 1227)
(1836, 1226)
(1835, 1227)
(1834, 1228)
(1833, 1228)
(1832, 1229)
(1831, 1230)
(1830, 1230)
(1829, 1230)
(1828, 1230)
(1827, 1230)
(1826, 1231)
(1825, 1231)
(1824, 1231)
(1823, 1231)
(1822, 1230)
(1821, 1229)
(1820, 1228)
(1819, 1227)
(1818, 1227)
(1817, 1226)
(1816, 1226)
(1815, 1226)
(1814, 1226)
(1813, 1226)
(1812, 1225)
(1811, 1224)
(1810, 1223)
(1809, 1223)
(1808, 1223)
(1809, 1224)
(1808, 1224)
(1807, 1224)
(1806, 1225)
(1805, 1225)
(1806, 1226)
(1805, 1226)
(1804, 1226)
(1803, 1227)
(1802, 1227)
(1801, 1227)
(1800, 1227)
(1799, 1228)
(1799, 1229)
(1798, 1229)
(1797, 1230)
(1796, 1231)
(1795, 1232)
(1794, 1232)
(1793, 1232)
(1793, 1233)
(1792, 1233)
(1791, 1234)
(1790, 1234)
(1789, 1234)
(1788, 1235)
(1787, 1235)
(1786, 1235)
(1785, 1236)
(1784, 1237)
(1783, 1237)
(1782, 1238)
(1781, 1239)
(1781, 1240)
(1780, 1240)
(1779, 1241)
(1778, 1242)
(1777, 1243)
(1778, 1243)
(1778, 1244)
(1779, 1244)
(1779, 1245)
(1780, 1245)
(1780, 1246)
(1780, 1247)
(1780, 1248)
(1779, 1249)
(1778, 1250)
(1777, 1250)
(1777, 1251)
(1776, 1251)
(1775, 1252)
(1774, 1252)
(1773, 1252)
(1772, 1252)
(1771, 1252)
(1770, 1252)
(1769, 1253)
(1768, 1254)
(1767, 1255)
(1767, 1256)
(1766, 1256)
(1765, 1257)
(1764, 1257)
(1763, 1258)
(1763, 1259)
(1762, 1260)
(1761, 1261)
(1760, 1261)
(1759, 1261)
(1758, 1261)
(1757, 1261)
(1756, 1261)
(1756, 1262)
(1756, 1263)
(1756, 1264)
(1755, 1264)
(1754, 1264)
(1753, 1264)
(1752, 1264)
(1752, 1265)
(1751, 1266)
(1751, 1267)
(1750, 1268)
(1749, 1268)
(1748, 1268)
(1747, 1268)
(1748, 1269)
(1747, 1269)
(1747, 1270)
(1747, 1271)
(1747, 1272)
(1747, 1273)
(1746, 1274)
(1745, 1275)
(1744, 1276)
(1743, 1277)
(1742, 1277)
(1741, 1277)
(1740, 1277)
(1739, 1277)
(1738, 1277)
(1737, 1278)
(1736, 1279)
(1736, 1280)
(1736, 1281)
(1736, 1282)
(1736, 1283)
(1736, 1284)
(1735, 1285)
(1734, 1286)
(1733, 1287)
(1732, 1288)
(1731, 1289)
(1730, 1289)
(1729, 1289)
(1728, 1288)
(1727, 1288)
(1726, 1287)
(1725, 1287)
(1724, 1287)
(1723, 1288)
(1722, 1288)
(1721, 1288)
(1720, 1288)
(1719, 1288)
(1718, 1288)
(1717, 1288)
(1716, 1288)
(1715, 1289)
(1714, 1290)
(1713, 1291)
(1712, 1291)
(1711, 1291)
(1710, 1292)
(1709, 1292)
(1708, 1293)
(1707, 1294)
(1707, 1295)
(1708, 1295)
(1708, 1296)
(1708, 1297)
(1707, 1298)
(1706, 1299)
(1705, 1299)
(1704, 1300)
(1703, 1299)
(1702, 1299)
(1701, 1299)
(1700, 1298)
(1699, 1298)
(1698, 1299)
(1697, 1299)
(1696, 1299)
(1695, 1300)
(1694, 1300)
(1693, 1301)
(1692, 1302)
(1691, 1303)
(1690, 1304)
(1689, 1305)
(1688, 1306)
(1687, 1306)
(1686, 1307)
(1686, 1308)
(1685, 1309)
(1684, 1310)
(1685, 1310)
(1684, 1311)
(1683, 1312)
(1682, 1313)
(1681, 1314)
(1680, 1315)
(1679, 1316)
(1678, 1316)
(1677, 1317)
(1676, 1317)
(1675, 1318)
(1674, 1319)
(1674, 1320)
(1674, 1321)
(1674, 1322)
(1673, 1323)
(1672, 1323)
(1671, 1323)
(1670, 1323)
(1669, 1323)
(1668, 1324)
(1667, 1325)
(1666, 1326)
(1665, 1327)
(1664, 1328)
(1663, 1328)
(1662, 1328)
(1663, 1329)
(1662, 1329)
(1661, 1329)
(1660, 1330)
(1659, 1331)
(1658, 1332)
(1658, 1333)
(1658, 1334)
(1657, 1335)
(1656, 1336)
(1656, 1337)
(1656, 1338)
(1656, 1339)
(1656, 1340)
(1656, 1341)
(1655, 1342)
(1656, 1342)
(1656, 1343)
(1657, 1343)
(1657, 1344)
(1658, 1343)
(1658, 1344)
(1658, 1345)
(1659, 1344)
(1659, 1345)
(1659, 1346)
(1660, 1345)
(1661, 1345)
(1661, 1346)
(1661, 1347)
(1661, 1348)
(1662, 1347)
(1662, 1348)
(1663, 1347)
(1663, 1348)
(1663, 1349)
(1664, 1348)
(1665, 1348)
(1665, 1349)
(1665, 1350)
(1665, 1351)
(1666, 1350)
(1666, 1351)
(1666, 1352)
(1666, 1353)
(1666, 1354)
(1667, 1353)
(1667, 1352)
(1668, 1351)
(1668, 1350)
(1669, 1351)
(1670, 1351)
(1670, 1352)
(1670, 1353)
(1670, 1354)
(1670, 1355)
(1671, 1354)
(1671, 1353)
(1672, 1353)
(1672, 1354)
(1673, 1354)
(1673, 1355)
(1674, 1355)
(1674, 1356)
(1674, 1357)
(1674, 1358)
(1675, 1357)
(1675, 1358)
(1675, 1359)
(1675, 1360)
(1676, 1359)
(1676, 1360)
(1676, 1361)
(1677, 1360)
(1677, 1361)
(1677, 1362)
(1677, 1363)
(1677, 1364)
(1678, 1363)
(1678, 1362)
(1679, 1361)
(1679, 1362)
(1680, 1362)
(1680, 1363)
(1681, 1363)
(1681, 1364)
(1682, 1364)
(1682, 1365)
(1683, 1365)
(1683, 1366)
(1683, 1367)
(1683, 1368)
(1684, 1367)
(1684, 1368)
(1684, 1369)
(1685, 1368)
(1686, 1367)
(1686, 1368)
(1686, 1369)
(1687, 1368)
(1687, 1369)
(1688, 1369)
(1688, 1370)
(1689, 1370)
(1689, 1371)
(1690, 1371)
(1690, 1372)
(1691, 1372)
(1691, 1373)
(1692, 1373)
(1692, 1374)
(1692, 1375)
(1693, 1375)
(1694, 1376)
(1695, 1376)
(1695, 1377)
(1696, 1377)
(1696, 1378)
(1697, 1378)
(1697, 1379)
(1698, 1379)
(1698, 1380)
(1699, 1380)
(1699, 1381)
(1699, 1382)
(1700, 1381)
(1700, 1382)
(1700, 1383)
(1701, 1382)
(1701, 1383)
(1701, 1384)
(1701, 1385)
(1702, 1384)
(1702, 1385)
(1703, 1384)
(1703, 1385)
(1703, 1386)
(1703, 1387)
(1704, 1386)
(1704, 1387)
(1705, 1386)
(1705, 1387)
(1705, 1388)
(1706, 1387)
(1706, 1388)
(1706, 1389)
(1706, 1390)
(1707, 1389)
(1708, 1389)
(1708, 1390)
(1708, 1391)
(1709, 1390)
(1709, 1391)
(1710, 1390)
(1710, 1391)
(1711, 1391)
(1711, 1392)
(1712, 1391)
(1712, 1392)
(1713, 1392)
(1713, 1393)
(1713, 1394)
(1714, 1393)
(1714, 1394)
(1714, 1395)
(1715, 1394)
(1716, 1394)
(1716, 1395)
(1717, 1395)
(1718, 1396)
(1719, 1397)
(1720, 1398)
(1721, 1398)
(1721, 1399)
(1722, 1398)
(1722, 1399)
(1722, 1400)
(1723, 1399)
(1724, 1399)
(1724, 1400)
(1724, 1401)
(1724, 1402)
(1725, 1401)
(1725, 1402)
(1726, 1401)
(1726, 1402)
(1726, 1403)
(1727, 1402)
(1727, 1403)
(1727, 1404)
(1728, 1403)
(1728, 1404)
(1729, 1405)
(1730, 1406)
(1731, 1407)
(1732, 1408)
(1733, 1408)
(1733, 1409)
(1734, 1409)
(1735, 1410)
(1736, 1411)
(1737, 1411)
(1737, 1412)
(1738, 1412)
(1739, 1413)
(1740, 1413)
(1740, 1414)
(1740, 1415)
(1740, 1416)
(1741, 1415)
(1741, 1416)
(1742, 1415)
(1742, 1416)
(1743, 1416)
(1743, 1417)
(1744, 1417)
(1745, 1418)
(1746, 1417)
(1747, 1416)
(1748, 1415)
(1748, 1416)
(1748, 1417)
(1749, 1416)
(1749, 1417)
(1749, 1418)
(1750, 1418)
(1750, 1419)
(1751, 1419)
(1751, 1420)
(1752, 1420)
(1752, 1421)
(1753, 1421)
(1753, 1422)
(1754, 1422)
(1754, 1423)
(1754, 1424)
(1754, 1425)
(1755, 1424)
(1755, 1425)
(1755, 1426)
(1756, 1425)
(1756, 1426)
(1756, 1427)
(1757, 1426)
(1757, 1427)
(1758, 1427)
(1758, 1428)
(1759, 1428)
(1760, 1428)
(1760, 1429)
(1760, 1430)
(1761, 1429)
(1762, 1430)
(1763, 1430)
(1763, 1431)
(1764, 1431)
(1765, 1431)
(1765, 1432)
(1765, 1433)
(1766, 1433)
(1766, 1434)
(1767, 1434)
(1767, 1435)
(1768, 1435)
(1768, 1436)
(1768, 1437)
(1767, 1438)
(1767, 1439)
(1768, 1439)
(1768, 1440)
(1769, 1440)
(1769, 1441)
(1770, 1441)
(1770, 1442)
