(8343, 5484)
(8342, 5484)
(8341, 5483)
(8340, 5482)
(8339, 5481)
(8338, 5481)
(8337, 5480)
(8336, 5479)
(8335, 5478)
(8334, 5477)
(8333, 5476)
(8332, 5475)
(8331, 5475)
(8330, 5474)
(8329, 5474)
(8328, 5474)
(8327, 5473)
(8327, 5472)
(8327, 5471)
(8326, 5470)
(8326, 5469)
(8326, 5468)
(8327, 5468)
(8327, 5467)
(8326, 5466)
(8325, 5465)
(8324, 5464)
(8323, 5463)
(8322, 5462)
(8321, 5461)
(8320, 5460)
(8319, 5459)
(8320, 5458)
(8319, 5457)
(8318, 5456)
(8317, 5455)
(8316, 5454)
(8315, 5454)
(8314, 5453)
(8313, 5452)
(8312, 5451)
(8311, 5450)
(8310, 5449)
(8309, 5448)
(8308, 5448)
(8307, 5447)
(8306, 5447)
(8305, 5447)
(8304, 5446)
(8303, 5445)
(8302, 5444)
(8301, 5443)
(8300, 5442)
(8299, 5441)
(8298, 5440)
(8297, 5439)
(8296, 5438)
(8295, 5438)
(8294, 5437)
(8293, 5436)
(8292, 5435)
(8291, 5434)
(8290, 5434)
(8289, 5435)
(8288, 5434)
(8287, 5433)
(8286, 5432)
(8285, 5431)
(8284, 5430)
(8283, 5429)
(8282, 5428)
(8281, 5427)
(8280, 5426)
(8279, 5425)
(8278, 5424)
(8277, 5424)
(8278, 5423)
(8277, 5423)
(8278, 5422)
(8279, 5421)
(8278, 5421)
(8277, 5420)
(8277, 5419)
(8278, 5419)
(8277, 5418)
(8276, 5417)
(8276, 5416)
(8276, 5415)
(8276, 5414)
(8276, 5413)
(8276, 5412)
(8277, 5411)
(8277, 5412)
(8278, 5411)
(8279, 5410)
(8279, 5409)
(8280, 5408)
(8280, 5407)
(8280, 5406)
(8280, 5405)
(8280, 5404)
(8280, 5403)
(8280, 5402)
(8281, 5401)
(8281, 5400)
(8282, 5399)
(8281, 5399)
(8282, 5398)
(8281, 5397)
(8280, 5397)
(8279, 5397)
(8279, 5396)
(8278, 5396)
(8277, 5396)
(8276, 5395)
(8275, 5394)
(8274, 5393)
(8273, 5393)
(8272, 5393)
(8271, 5392)
(8270, 5391)
(8269, 5390)
(8268, 5389)
(8267, 5388)
(8266, 5387)
(8265, 5386)
(8264, 5385)
(8263, 5384)
(8263, 5383)
(8263, 5382)
(8263, 5381)
(8262, 5381)
(8261, 5380)
(8260, 5379)
(8259, 5378)
(8258, 5377)
(8259, 5376)
(8258, 5375)
(8257, 5374)
(8256, 5373)
(8255, 5372)
(8254, 5371)
(8253, 5370)
(8252, 5369)
(8251, 5368)
(8250, 5367)
(8249, 5366)
(8248, 5365)
(8247, 5364)
(8246, 5364)
(8247, 5363)
(8247, 5362)
(8247, 5361)
(8247, 5360)
(8246, 5359)
(8245, 5358)
(8244, 5357)
(8243, 5356)
(8242, 5356)
(8241, 5355)
(8240, 5354)
(8239, 5353)
(8238, 5352)
(8237, 5351)
(8236, 5350)
(8235, 5349)
(8234, 5348)
(8233, 5348)
(8232, 5347)
(8232, 5346)
(8232, 5345)
(8232, 5344)
(8232, 5343)
(8232, 5342)
(8232, 5341)
(8232, 5340)
(8233, 5341)
(8233, 5340)
(8233, 5339)
(8234, 5338)
(8234, 5337)
(8234, 5336)
(8234, 5335)
(8234, 5334)
(8234, 5333)
(8233, 5332)
(8233, 5331)
(8233, 5330)
(8234, 5329)
(8233, 5328)
(8232, 5327)
(8233, 5326)
(8232, 5325)
(8231, 5324)
(8230, 5323)
(8229, 5322)
(8228, 5321)
(8227, 5320)
(8226, 5319)
(8225, 5318)
(8224, 5317)
(8223, 5316)
(8222, 5315)
(8221, 5314)
(8220, 5313)
(8219, 5312)
(8218, 5311)
(8217, 5310)
(8218, 5309)
(8219, 5308)
(8218, 5307)
(8217, 5306)
(8216, 5305)
(8217, 5304)
(8216, 5303)
(8215, 5302)
(8214, 5301)
(8213, 5300)
(8212, 5299)
(8213, 5298)
(8212, 5298)
(8213, 5297)
(8212, 5296)
(8211, 5295)
(8210, 5294)
(8209, 5293)
(8208, 5292)
(8207, 5291)
(8207, 5290)
(8206, 5289)
(8205, 5288)
(8205, 5287)
(8204, 5286)
(8203, 5285)
(8202, 5284)
(8201, 5283)
(8200, 5282)
(8199, 5281)
(8198, 5280)
(8197, 5279)
(8197, 5278)
(8196, 5278)
(8195, 5277)
(8194, 5277)
(8195, 5276)
(8194, 5276)
(8193, 5275)
(8192, 5274)
(8192, 5273)
(8192, 5272)
(8192, 5271)
(8191, 5270)
(8190, 5269)
(8189, 5268)
(8188, 5267)
(8189, 5266)
(8189, 5265)
(8189, 5264)
(8190, 5264)
(8190, 5263)
(8191, 5262)
(8192, 5261)
(8192, 5260)
(8192, 5259)
(8191, 5258)
(8190, 5257)
(8189, 5256)
(8188, 5255)
(8187, 5254)
(8186, 5253)
(8187, 5252)
(8188, 5251)
(8189, 5250)
(8190, 5249)
(8191, 5248)
(8191, 5247)
(8190, 5246)
(8189, 5245)
(8188, 5244)
(8187, 5243)
(8186, 5242)
(8187, 5241)
(8186, 5240)
(8186, 5239)
(8185, 5238)
(8184, 5237)
(8183, 5236)
(8182, 5235)
(8181, 5234)
(8180, 5233)
(8179, 5232)
(8178, 5231)
(8178, 5230)
(8177, 5229)
(8176, 5228)
(8175, 5227)
(8174, 5226)
(8175, 5225)
(8174, 5224)
(8175, 5223)
(8174, 5222)
(8173, 5221)
(8173, 5220)
(8173, 5219)
(8172, 5218)
(8172, 5217)
(8171, 5216)
(8170, 5215)
(8170, 5214)
(8169, 5213)
(8170, 5212)
(8170, 5211)
(8170, 5210)
(8169, 5209)
(8168, 5209)
(8167, 5208)
(8166, 5208)
(8165, 5207)
(8164, 5206)
(8163, 5205)
(8162, 5204)
(8161, 5203)
(8160, 5202)
(8159, 5201)
(8158, 5200)
(8157, 5199)
(8156, 5198)
(8155, 5198)
(8154, 5197)
(8153, 5196)
(8152, 5195)
(8151, 5194)
(8150, 5193)
(8149, 5194)
(8148, 5193)
(8147, 5192)
(8146, 5191)
(8145, 5190)
(8144, 5189)
(8143, 5188)
(8142, 5187)
(8141, 5186)
(8140, 5185)
(8139, 5184)
(8138, 5183)
(8137, 5182)
(8136, 5181)
(8135, 5180)
(8134, 5180)
(8133, 5180)
(8132, 5179)
(8131, 5178)
(8130, 5179)
(8129, 5179)
(8128, 5179)
(8127, 5178)
(8126, 5177)
(8125, 5176)
(8124, 5175)
(8123, 5176)
(8122, 5176)
(8121, 5175)
(8120, 5174)
(8119, 5173)
(8118, 5172)
(8117, 5171)
(8116, 5172)
(8115, 5173)
(8114, 5172)
(8113, 5171)
(8112, 5170)
(8111, 5169)
(8110, 5168)
(8109, 5167)
(8108, 5167)
(8107, 5166)
(8106, 5165)
(8105, 5164)
(8104, 5163)
(8103, 5162)
(8102, 5161)
(8101, 5160)
(8100, 5159)
(8099, 5158)
(8098, 5157)
(8097, 5156)
(8096, 5155)
(8095, 5154)
(8094, 5153)
(8093, 5153)
(8092, 5153)
(8091, 5153)
(8090, 5152)
(8089, 5151)
(8088, 5151)
(8087, 5150)
(8086, 5149)
(8085, 5148)
(8084, 5148)
(8083, 5148)
(8082, 5147)
(8081, 5146)
(8080, 5146)
(8079, 5146)
(8078, 5146)
(8077, 5146)
(8076, 5146)
(8075, 5146)
(8074, 5147)
(8074, 5148)
(8073, 5148)
(8072, 5148)
(8071, 5147)
(8070, 5146)
(8069, 5145)
(8068, 5144)
(8067, 5143)
(8066, 5142)
(8065, 5143)
(8064, 5143)
(8063, 5142)
(8062, 5142)
(8061, 5141)
(8060, 5142)
(8059, 5141)
(8058, 5140)
(8057, 5139)
(8056, 5139)
(8056, 5140)
(8055, 5140)
(8055, 5141)
(8054, 5141)
(8053, 5141)
(8052, 5141)
(8051, 5141)
(8050, 5142)
(8049, 5143)
(8048, 5143)
(8047, 5144)
(8046, 5145)
(8045, 5146)
(8044, 5146)
(8043, 5146)
(8042, 5147)
(8041, 5146)
(8040, 5145)
(8039, 5144)
(8038, 5143)
(8037, 5142)
(8036, 5141)
(8035, 5140)
(8034, 5139)
(8033, 5138)
(8032, 5137)
(8031, 5137)
(8030, 5136)
(8029, 5136)
(8028, 5137)
(8027, 5138)
(8026, 5137)
(8025, 5136)
(8024, 5135)
(8023, 5134)
(8022, 5133)
(8021, 5132)
(8020, 5131)
(8019, 5130)
(8018, 5129)
(8017, 5128)
(8016, 5128)
(8015, 5127)
(8014, 5126)
(8013, 5125)
(8012, 5125)
(8011, 5125)
(8010, 5124)
(8009, 5123)
(8008, 5122)
(8007, 5121)
(8006, 5121)
(8005, 5120)
(8004, 5119)
(8003, 5118)
(8002, 5117)
(8001, 5116)
(8000, 5115)
(7999, 5115)
(7998, 5114)
(7997, 5113)
(7996, 5112)
(7995, 5112)
(7994, 5112)
(7993, 5111)
(7992, 5111)
(7991, 5111)
(7990, 5110)
(7989, 5110)
(7988, 5109)
(7987, 5109)
(7986, 5108)
(7985, 5107)
(7984, 5107)
(7983, 5106)
(7982, 5105)
(7981, 5105)
(7980, 5105)
(7979, 5106)
(7978, 5105)
(7977, 5105)
(7976, 5105)
(7975, 5104)
(7974, 5103)
(7973, 5103)
(7972, 5102)
(7971, 5102)
(7970, 5101)
(7969, 5100)
(7968, 5099)
(7967, 5098)
(7966, 5098)
(7965, 5098)
(7964, 5097)
(7963, 5096)
(7962, 5095)
(7961, 5094)
(7960, 5095)
(7959, 5096)
(7958, 5095)
(7957, 5094)
(7956, 5093)
(7955, 5092)
(7954, 5091)
(7953, 5090)
(7952, 5089)
(7951, 5088)
(7950, 5087)
(7949, 5087)
(7948, 5088)
(7947, 5089)
(7946, 5088)
(7945, 5087)
(7944, 5086)
(7943, 5085)
(7942, 5084)
(7941, 5083)
(7940, 5082)
(7939, 5082)
(7938, 5081)
(7937, 5080)
(7936, 5079)
(7935, 5078)
(7934, 5077)
(7933, 5076)
(7932, 5075)
(7931, 5074)
(7930, 5074)
(7929, 5073)
(7928, 5072)
(7927, 5072)
(7926, 5072)
(7925, 5072)
(7924, 5071)
(7923, 5071)
(7922, 5070)
(7921, 5069)
(7920, 5068)
(7919, 5067)
(7918, 5066)
(7917, 5065)
(7916, 5065)
(7915, 5064)
(7914, 5063)
(7913, 5062)
(7912, 5061)
(7911, 5060)
(7910, 5060)
(7909, 5059)
(7908, 5058)
(7907, 5057)
(7906, 5056)
(7905, 5055)
(7904, 5054)
(7903, 5053)
(7902, 5052)
(7901, 5051)
(7900, 5050)
(7899, 5049)
(7898, 5048)
(7897, 5048)
(7896, 5047)
(7895, 5047)
(7894, 5046)
(7893, 5045)
(7892, 5045)
(7893, 5044)
(7892, 5043)
(7891, 5042)
(7890, 5041)
(7889, 5040)
(7888, 5039)
(7887, 5038)
(7886, 5038)
(7885, 5038)
(7884, 5037)
(7883, 5036)
(7882, 5035)
(7881, 5034)
(7880, 5033)
(7879, 5032)
(7878, 5031)
(7877, 5030)
(7876, 5029)
(7875, 5028)
(7874, 5027)
(7873, 5027)
(7872, 5026)
(7871, 5025)
(7870, 5024)
(7869, 5023)
(7868, 5023)
(7867, 5023)
(7866, 5022)
(7865, 5021)
(7864, 5021)
(7863, 5021)
(7862, 5020)
(7861, 5019)
(7860, 5018)
(7859, 5017)
(7858, 5016)
(7857, 5015)
(7856, 5014)
(7855, 5013)
(7854, 5012)
(7853, 5012)
(7852, 5011)
(7851, 5010)
(7850, 5009)
(7849, 5009)
(7848, 5008)
(7847, 5008)
(7846, 5007)
(7845, 5006)
(7844, 5005)
(7843, 5004)
(7842, 5003)
(7841, 5002)
(7840, 5001)
(7839, 5001)
(7838, 5001)
(7837, 5000)
(7836, 5000)
(7835, 4999)
(7834, 4998)
(7833, 4997)
(7832, 4996)
(7831, 4996)
(7830, 4996)
(7829, 4995)
(7828, 4994)
(7827, 4993)
(7826, 4992)
(7825, 4991)
(7824, 4990)
(7823, 4989)
(7822, 4988)
(7821, 4987)
(7820, 4986)
(7819, 4985)
(7818, 4984)
(7818, 4983)
(7818, 4982)
(7817, 4981)
(7816, 4980)
(7815, 4979)
(7814, 4978)
(7813, 4977)
(7812, 4976)
(7811, 4975)
(7810, 4974)
(7809, 4973)
(7808, 4972)
(7807, 4971)
(7806, 4970)
(7805, 4969)
(7804, 4968)
(7803, 4967)
(7802, 4966)
(7801, 4966)
(7800, 4965)
(7799, 4964)
(7798, 4963)
(7797, 4962)
(7796, 4961)
(7795, 4960)
(7794, 4960)
(7793, 4960)
(7792, 4960)
(7791, 4959)
(7790, 4960)
(7789, 4960)
(7788, 4959)
(7787, 4959)
(7786, 4958)
(7785, 4957)
(7784, 4956)
(7783, 4955)
(7782, 4954)
(7781, 4953)
(7780, 4952)
(7779, 4951)
(7778, 4950)
(7777, 4949)
(7776, 4948)
(7775, 4947)
(7774, 4946)
(7773, 4945)
(7772, 4944)
(7771, 4943)
(7770, 4942)
(7769, 4941)
(7768, 4940)
(7767, 4939)
(7766, 4938)
(7765, 4937)
(7764, 4936)
(7763, 4935)
(7762, 4934)
(7761, 4933)
(7760, 4932)
(7759, 4931)
(7758, 4930)
(7757, 4929)
(7756, 4928)
(7755, 4927)
(7754, 4926)
(7753, 4925)
(7752, 4924)
(7751, 4923)
(7750, 4922)
(7749, 4921)
(7748, 4920)
(7747, 4919)
(7746, 4918)
(7745, 4917)
(7744, 4916)
(7743, 4915)
(7742, 4914)
(7741, 4913)
(7740, 4912)
(7739, 4911)
(7738, 4910)
(7737, 4909)
(7736, 4909)
(7735, 4908)
(7734, 4907)
(7733, 4906)
(7732, 4906)
(7731, 4906)
(7730, 4905)
(7729, 4905)
(7728, 4906)
(7727, 4905)
(7726, 4904)
(7725, 4903)
(7724, 4904)
(7723, 4904)
(7722, 4903)
(7721, 4902)
(7720, 4901)
(7719, 4900)
(7718, 4899)
(7717, 4898)
(7716, 4898)
(7715, 4898)
(7714, 4897)
(7713, 4896)
(7712, 4895)
(7711, 4894)
(7710, 4894)
(7710, 4895)
(7709, 4895)
(7708, 4896)
(7707, 4896)
(7706, 4896)
(7706, 4897)
(7705, 4897)
(7704, 4897)
(7703, 4897)
(7702, 4897)
(7701, 4896)
(7700, 4895)
(7699, 4894)
(7698, 4893)
(7697, 4892)
(7696, 4891)
(7695, 4891)
(7694, 4890)
(7693, 4889)
(7692, 4889)
(7691, 4888)
(7690, 4887)
(7689, 4886)
(7688, 4885)
(7687, 4884)
(7686, 4884)
(7685, 4883)
(7684, 4884)
(7683, 4884)
(7682, 4883)
(7681, 4882)
(7680, 4881)
(7679, 4880)
(7678, 4879)
(7677, 4878)
(7676, 4877)
(7675, 4876)
(7674, 4875)
(7673, 4875)
(7672, 4875)
(7671, 4875)
(7670, 4874)
(7669, 4873)
(7668, 4873)
(7667, 4872)
(7666, 4871)
(7665, 4870)
(7664, 4869)
(7664, 4870)
(7663, 4870)
(7662, 4869)
(7661, 4868)
(7660, 4867)
(7659, 4866)
(7658, 4865)
(7657, 4864)
(7656, 4863)
(7655, 4862)
(7654, 4861)
(7653, 4861)
(7652, 4861)
(7651, 4862)
(7650, 4862)
(7649, 4863)
(7648, 4862)
(7647, 4862)
(7646, 4861)
(7645, 4860)
(7644, 4859)
(7643, 4859)
(7642, 4859)
(7641, 4859)
(7640, 4859)
(7639, 4858)
(7638, 4857)
(7637, 4856)
(7636, 4855)
(7635, 4854)
(7634, 4853)
(7633, 4852)
(7632, 4851)
(7631, 4850)
(7630, 4849)
(7629, 4848)
(7628, 4848)
(7627, 4848)
(7626, 4847)
(7625, 4848)
(7624, 4847)
(7623, 4846)
(7622, 4845)
(7621, 4844)
(7620, 4843)
(7619, 4842)
(7618, 4841)
(7617, 4840)
(7616, 4841)
(7615, 4842)
(7614, 4842)
(7613, 4842)
(7612, 4842)
(7611, 4841)
(7610, 4840)
(7609, 4840)
(7608, 4839)
(7607, 4839)
(7606, 4839)
(7606, 4840)
(7605, 4840)
(7604, 4841)
(7603, 4840)
(7602, 4839)
(7601, 4838)
(7600, 4837)
(7599, 4836)
(7598, 4835)
(7597, 4835)
(7596, 4835)
(7595, 4834)
(7594, 4833)
(7593, 4832)
(7592, 4832)
(7591, 4831)
(7590, 4830)
(7589, 4829)
(7588, 4829)
(7587, 4830)
(7586, 4831)
(7585, 4831)
(7584, 4831)
(7583, 4831)
(7582, 4830)
(7581, 4830)
(7580, 4831)
(7579, 4831)
(7578, 4831)
(7577, 4832)
(7576, 4833)
(7575, 4833)
(7574, 4833)
(7573, 4832)
(7572, 4831)
(7571, 4830)
(7570, 4829)
(7569, 4828)
(7568, 4827)
(7567, 4826)
(7566, 4825)
(7565, 4824)
(7564, 4823)
(7563, 4822)
(7562, 4821)
(7561, 4821)
(7560, 4821)
(7559, 4821)
(7558, 4821)
(7557, 4820)
(7556, 4819)
(7555, 4818)
(7554, 4817)
(7553, 4816)
(7552, 4816)
(7551, 4815)
(7550, 4814)
(7549, 4813)
(7548, 4813)
(7547, 4812)
(7546, 4811)
(7545, 4811)
(7544, 4811)
(7543, 4812)
(7542, 4811)
(7541, 4810)
(7540, 4809)
(7539, 4808)
(7538, 4807)
(7537, 4806)
(7536, 4805)
(7535, 4804)
(7534, 4803)
(7533, 4802)
(7532, 4803)
(7531, 4802)
(7530, 4803)
(7529, 4804)
(7528, 4803)
(7527, 4804)
(7526, 4803)
(7526, 4804)
(7525, 4803)
(7524, 4802)
(7523, 4801)
(7522, 4800)
(7521, 4799)
(7520, 4800)
(7519, 4801)
(7518, 4801)
(7517, 4800)
(7516, 4800)
(7515, 4800)
(7514, 4799)
(7513, 4799)
(7512, 4799)
(7511, 4799)
(7510, 4798)
(7509, 4797)
(7508, 4796)
(7507, 4795)
(7506, 4794)
(7505, 4793)
(7504, 4792)
(7503, 4792)
(7502, 4791)
(7501, 4790)
(7500, 4789)
(7499, 4789)
(7498, 4789)
(7497, 4789)
(7496, 4788)
(7495, 4788)
(7494, 4788)
(7493, 4788)
(7492, 4787)
(7491, 4788)
(7490, 4788)
(7489, 4788)
(7488, 4787)
(7487, 4786)
(7486, 4785)
(7485, 4784)
(7484, 4783)
(7483, 4782)
(7482, 4781)
(7481, 4780)
(7480, 4779)
(7479, 4779)
(7478, 4779)
(7477, 4779)
(7476, 4778)
(7475, 4777)
(7474, 4776)
(7473, 4775)
(7472, 4774)
(7471, 4773)
(7470, 4773)
(7469, 4773)
(7468, 4773)
(7467, 4773)
(7466, 4772)
(7465, 4772)
(7464, 4771)
(7463, 4771)
(7462, 4770)
(7461, 4769)
(7460, 4768)
(7459, 4767)
(7458, 4766)
(7457, 4765)
(7456, 4764)
(7455, 4763)
(7454, 4762)
(7453, 4761)
(7452, 4760)
(7451, 4759)
(7450, 4758)
(7449, 4757)
(7448, 4756)
(7447, 4755)
(7446, 4754)
(7445, 4753)
(7444, 4752)
(7443, 4751)
(7442, 4751)
(7441, 4750)
(7440, 4749)
(7439, 4748)
(7438, 4748)
(7437, 4748)
(7436, 4747)
(7435, 4747)
(7434, 4746)
(7433, 4745)
(7432, 4744)
(7431, 4744)
(7430, 4743)
(7429, 4743)
(7428, 4744)
(7427, 4744)
(7426, 4743)
(7425, 4743)
(7424, 4743)
(7423, 4742)
(7422, 4741)
(7421, 4741)
(7420, 4740)
(7419, 4739)
(7418, 4738)
(7417, 4737)
(7416, 4736)
(7415, 4736)
(7414, 4735)
(7413, 4734)
(7412, 4733)
(7411, 4732)
(7410, 4731)
(7409, 4730)
(7408, 4729)
(7407, 4728)
(7406, 4727)
(7405, 4726)
(7404, 4725)
(7403, 4724)
(7402, 4723)
(7401, 4722)
(7400, 4721)
(7399, 4720)
(7398, 4719)
(7397, 4718)
(7396, 4717)
(7395, 4716)
(7394, 4715)
(7393, 4715)
(7392, 4714)
(7391, 4713)
(7390, 4712)
(7389, 4711)
(7388, 4710)
(7387, 4710)
(7386, 4709)
(7385, 4709)
(7384, 4709)
(7383, 4708)
(7382, 4708)
(7381, 4707)
(7380, 4706)
(7379, 4705)
(7378, 4704)
(7377, 4703)
(7376, 4702)
(7375, 4701)
(7374, 4700)
(7373, 4700)
(7372, 4701)
(7371, 4701)
(7370, 4700)
(7369, 4699)
(7368, 4698)
(7367, 4697)
(7366, 4696)
(7365, 4697)
(7364, 4698)
(7363, 4698)
(7362, 4698)
(7361, 4697)
(7360, 4696)
(7359, 4695)
(7358, 4694)
(7357, 4693)
(7356, 4694)
(7355, 4695)
(7354, 4695)
(7353, 4695)
(7352, 4694)
(7351, 4694)
(7350, 4695)
(7349, 4696)
(7348, 4697)
(7347, 4697)
(7346, 4697)
(7345, 4697)
(7344, 4698)
(7344, 4699)
(7343, 4699)
(7343, 4700)
(7342, 4700)
(7342, 4701)
(7341, 4701)
(7340, 4702)
(7339, 4702)
(7338, 4701)
(7337, 4701)
(7336, 4701)
(7335, 4700)
(7334, 4700)
(7333, 4700)
(7332, 4699)
(7331, 4698)
(7330, 4697)
(7329, 4696)
(7328, 4695)
(7327, 4694)
(7326, 4693)
(7325, 4692)
(7324, 4691)
(7323, 4691)
(7322, 4690)
(7321, 4689)
(7320, 4688)
(7319, 4688)
(7318, 4687)
(7317, 4686)
(7316, 4685)
(7315, 4684)
(7314, 4683)
(7313, 4682)
(7312, 4681)
(7311, 4680)
(7310, 4679)
(7309, 4678)
(7308, 4677)
(7307, 4677)
(7306, 4676)
(7305, 4675)
(7304, 4674)
(7303, 4673)
(7302, 4672)
(7301, 4671)
(7300, 4670)
(7299, 4669)
(7298, 4668)
(7297, 4667)
(7296, 4666)
(7295, 4666)
(7294, 4665)
(7293, 4664)
(7292, 4663)
(7291, 4662)
(7290, 4661)
(7289, 4660)
(7288, 4659)
(7287, 4658)
(7286, 4658)
(7285, 4657)
(7284, 4656)
(7283, 4655)
(7282, 4654)
(7281, 4653)
(7280, 4654)
(7279, 4654)
(7278, 4654)
(7277, 4653)
(7276, 4653)
(7275, 4652)
(7274, 4651)
(7273, 4650)
(7272, 4649)
(7271, 4648)
(7270, 4647)
(7269, 4646)
(7268, 4645)
(7267, 4644)
(7266, 4643)
(7265, 4642)
(7264, 4642)
(7263, 4641)
(7262, 4640)
(7261, 4639)
(7260, 4639)
(7259, 4638)
(7258, 4638)
(7257, 4637)
(7256, 4636)
(7255, 4636)
(7254, 4636)
(7253, 4636)
(7252, 4636)
(7251, 4636)
(7250, 4636)
(7249, 4635)
(7248, 4634)
(7247, 4633)
(7246, 4632)
(7245, 4632)
(7244, 4631)
(7243, 4631)
(7242, 4631)
(7241, 4631)
(7240, 4631)
(7239, 4631)
(7238, 4631)
(7237, 4631)
(7236, 4631)
(7235, 4631)
(7234, 4631)
(7233, 4631)
(7232, 4631)
(7231, 4631)
(7230, 4630)
(7229, 4629)
(7228, 4628)
(7227, 4627)
(7226, 4626)
(7225, 4625)
(7224, 4624)
(7223, 4623)
(7222, 4623)
(7221, 4622)
(7220, 4621)
(7219, 4620)
(7218, 4620)
(7217, 4620)
(7216, 4620)
(7215, 4619)
(7214, 4619)
(7213, 4618)
(7212, 4617)
(7211, 4616)
(7210, 4615)
(7209, 4614)
(7208, 4613)
(7207, 4613)
(7206, 4612)
(7205, 4611)
(7204, 4610)
(7203, 4609)
(7202, 4608)
(7201, 4608)
(7200, 4607)
(7199, 4606)
(7198, 4605)
(7197, 4604)
(7196, 4603)
(7195, 4603)
(7194, 4602)
(7193, 4602)
(7192, 4601)
(7191, 4601)
(7190, 4600)
(7189, 4599)
(7188, 4599)
(7187, 4598)
(7186, 4597)
(7185, 4596)
(7184, 4595)
(7183, 4594)
(7182, 4593)
(7181, 4592)
(7180, 4591)
(7179, 4590)
(7178, 4589)
(7177, 4588)
(7176, 4587)
(7175, 4586)
(7174, 4585)
(7173, 4584)
(7172, 4583)
(7171, 4582)
(7170, 4581)
(7169, 4580)
(7168, 4579)
(7167, 4578)
(7166, 4577)
(7165, 4576)
(7164, 4575)
(7163, 4574)
(7162, 4573)
(7161, 4572)
(7160, 4571)
(7159, 4570)
(7158, 4569)
(7157, 4568)
(7156, 4569)
(7155, 4570)
(7154, 4569)
(7153, 4568)
(7152, 4567)
(7151, 4567)
(7150, 4566)
(7149, 4565)
(7148, 4564)
(7147, 4564)
(7146, 4564)
(7145, 4564)
(7144, 4564)
(7143, 4564)
(7142, 4563)
(7141, 4562)
(7140, 4561)
(7139, 4560)
(7138, 4559)
(7137, 4558)
(7136, 4557)
(7135, 4556)
(7134, 4556)
(7133, 4556)
(7132, 4556)
(7131, 4555)
(7130, 4554)
(7129, 4553)
(7128, 4552)
(7127, 4551)
(7126, 4550)
(7125, 4549)
(7124, 4548)
(7123, 4547)
(7122, 4546)
(7121, 4545)
(7120, 4544)
(7119, 4544)
(7118, 4543)
(7117, 4542)
(7116, 4541)
(7115, 4540)
(7114, 4539)
(7113, 4539)
(7112, 4538)
(7111, 4537)
(7110, 4536)
(7109, 4536)
(7108, 4536)
(7107, 4536)
(7106, 4536)
(7107, 4537)
(7106, 4537)
(7105, 4537)
(7104, 4537)
(7103, 4538)
(7102, 4538)
(7101, 4539)
(7100, 4540)
(7099, 4541)
(7098, 4541)
(7097, 4542)
(7096, 4543)
(7095, 4544)
(7094, 4545)
(7093, 4546)
(7092, 4547)
(7091, 4548)
(7090, 4548)
(7089, 4547)
(7088, 4546)
(7087, 4545)
(7086, 4544)
(7085, 4545)
(7084, 4544)
(7083, 4545)
(7082, 4545)
(7081, 4544)
(7080, 4543)
(7079, 4542)
(7078, 4541)
(7077, 4540)
(7076, 4539)
(7075, 4538)
(7074, 4537)
(7073, 4537)
(7072, 4537)
(7071, 4536)
(7070, 4535)
(7069, 4534)
(7068, 4533)
(7067, 4532)
(7066, 4531)
(7065, 4530)
(7064, 4529)
(7063, 4528)
(7062, 4527)
(7061, 4526)
(7060, 4526)
(7059, 4526)
(7058, 4526)
(7057, 4526)
(7056, 4526)
(7055, 4526)
(7054, 4527)
(7053, 4528)
(7052, 4527)
(7051, 4527)
(7050, 4526)
(7049, 4526)
(7048, 4526)
(7047, 4526)
(7046, 4526)
(7045, 4525)
(7044, 4524)
(7043, 4523)
(7042, 4524)
(7041, 4523)
(7040, 4523)
(7039, 4522)
(7038, 4521)
(7037, 4520)
(7036, 4519)
(7035, 4518)
(7034, 4517)
(7033, 4517)
(7032, 4517)
(7031, 4517)
(7030, 4516)
(7029, 4515)
(7028, 4516)
(7027, 4515)
(7026, 4515)
(7025, 4514)
(7024, 4514)
(7023, 4514)
(7022, 4514)
(7021, 4514)
(7020, 4514)
(7019, 4514)
(7018, 4515)
(7017, 4516)
(7016, 4516)
(7015, 4516)
(7014, 4516)
(7013, 4515)
(7012, 4515)
(7011, 4515)
(7010, 4514)
(7009, 4513)
(7008, 4512)
(7007, 4511)
(7006, 4510)
(7005, 4510)
(7004, 4510)
(7003, 4509)
(7002, 4509)
(7001, 4509)
(7000, 4510)
(7000, 4511)
(6999, 4511)
(6998, 4511)
(6997, 4510)
(6996, 4510)
(6995, 4510)
(6994, 4510)
(6993, 4509)
(6992, 4508)
(6991, 4507)
(6990, 4506)
(6989, 4505)
(6988, 4504)
(6987, 4503)
(6986, 4502)
(6985, 4502)
(6984, 4503)
(6983, 4502)
(6982, 4502)
(6981, 4501)
(6980, 4500)
(6979, 4499)
(6978, 4498)
(6977, 4497)
(6976, 4496)
(6975, 4495)
(6974, 4495)
(6973, 4494)
(6974, 4493)
(6973, 4492)
(6972, 4492)
(6971, 4491)
(6970, 4490)
(6969, 4489)
(6968, 4490)
(6967, 4490)
(6966, 4489)
(6965, 4488)
(6964, 4487)
(6963, 4486)
(6962, 4485)
(6961, 4484)
(6960, 4483)
(6959, 4482)
(6958, 4481)
(6957, 4480)
(6956, 4479)
(6955, 4478)
(6954, 4477)
(6953, 4477)
(6952, 4476)
(6951, 4475)
(6950, 4474)
(6949, 4474)
(6948, 4473)
(6947, 4472)
(6946, 4471)
(6945, 4471)
(6944, 4470)
(6943, 4469)
(6942, 4468)
(6941, 4467)
(6940, 4466)
(6939, 4465)
(6938, 4464)
(6937, 4463)
(6936, 4462)
(6935, 4461)
(6934, 4460)
(6933, 4459)
(6932, 4458)
(6931, 4457)
(6930, 4456)
(6929, 4456)
(6928, 4456)
(6927, 4455)
(6926, 4454)
(6925, 4453)
(6924, 4452)
(6923, 4451)
(6922, 4450)
(6921, 4450)
(6920, 4449)
(6919, 4449)
(6918, 4449)
(6917, 4448)
(6916, 4448)
(6915, 4448)
(6914, 4447)
(6913, 4446)
(6912, 4445)
(6911, 4444)
(6910, 4445)
(6909, 4444)
(6908, 4443)
(6907, 4442)
(6906, 4441)
(6905, 4441)
(6904, 4440)
(6903, 4439)
(6902, 4438)
(6901, 4438)
(6900, 4437)
(6899, 4436)
(6898, 4435)
(6897, 4435)
(6896, 4434)
(6895, 4433)
(6894, 4433)
(6893, 4432)
(6892, 4431)
(6891, 4430)
(6890, 4430)
(6889, 4429)
(6888, 4428)
(6887, 4427)
(6886, 4428)
(6885, 4427)
(6884, 4426)
(6883, 4425)
(6882, 4424)
(6881, 4423)
(6880, 4422)
(6879, 4421)
(6878, 4420)
(6877, 4419)
(6876, 4418)
(6875, 4417)
(6874, 4416)
(6873, 4415)
(6872, 4416)
(6871, 4416)
(6870, 4415)
(6869, 4414)
(6868, 4414)
(6867, 4414)
(6866, 4413)
(6865, 4412)
(6864, 4411)
(6863, 4410)
(6862, 4410)
(6861, 4410)
(6860, 4409)
(6859, 4408)
(6858, 4408)
(6857, 4408)
(6856, 4409)
(6855, 4408)
(6854, 4407)
(6853, 4408)
(6852, 4408)
(6851, 4408)
(6850, 4408)
(6849, 4408)
(6848, 4408)
(6847, 4408)
(6846, 4408)
(6845, 4407)
(6844, 4408)
(6843, 4409)
(6842, 4408)
(6841, 4407)
(6840, 4408)
(6839, 4408)
(6838, 4408)
(6837, 4407)
(6836, 4406)
(6835, 4405)
(6834, 4404)
(6833, 4403)
(6832, 4402)
(6831, 4401)
(6830, 4400)
(6829, 4399)
(6828, 4398)
(6827, 4397)
(6826, 4396)
(6825, 4397)
(6824, 4397)
(6823, 4396)
(6822, 4396)
(6821, 4395)
(6820, 4394)
(6819, 4393)
(6818, 4393)
(6817, 4392)
(6816, 4391)
(6815, 4390)
(6814, 4389)
(6813, 4388)
(6812, 4388)
(6811, 4388)
(6810, 4387)
(6809, 4386)
(6808, 4386)
(6807, 4386)
(6806, 4386)
(6805, 4385)
(6804, 4384)
(6803, 4383)
(6802, 4382)
(6801, 4381)
(6800, 4380)
(6799, 4379)
(6798, 4378)
(6797, 4377)
(6796, 4377)
(6795, 4377)
(6794, 4377)
(6793, 4377)
(6792, 4378)
(6791, 4378)
(6790, 4378)
(6789, 4377)
(6788, 4376)
(6787, 4375)
(6786, 4374)
(6785, 4373)
(6784, 4373)
(6783, 4372)
(6782, 4372)
(6781, 4372)
(6780, 4372)
(6779, 4371)
(6778, 4370)
(6777, 4369)
(6776, 4369)
(6775, 4368)
(6774, 4367)
(6773, 4366)
(6772, 4365)
(6771, 4366)
(6770, 4365)
(6769, 4364)
(6768, 4363)
(6767, 4362)
(6766, 4362)
(6765, 4361)
(6764, 4360)
(6763, 4359)
(6762, 4358)
(6761, 4357)
(6760, 4356)
(6759, 4355)
(6758, 4354)
(6757, 4353)
(6756, 4352)
(6755, 4352)
(6754, 4352)
(6753, 4352)
(6752, 4352)
(6751, 4352)
(6750, 4352)
(6749, 4352)
(6748, 4352)
(6747, 4352)
(6746, 4352)
(6745, 4352)
(6744, 4352)
(6743, 4353)
(6742, 4353)
(6741, 4353)
(6740, 4354)
(6739, 4354)
(6738, 4354)
(6737, 4354)
(6736, 4353)
(6735, 4352)
(6734, 4352)
(6733, 4351)
(6732, 4350)
(6731, 4349)
(6730, 4348)
(6729, 4347)
(6728, 4346)
(6727, 4346)
(6726, 4345)
(6725, 4344)
(6724, 4343)
(6723, 4342)
(6722, 4341)
(6721, 4341)
(6720, 4340)
(6719, 4340)
(6718, 4339)
(6717, 4338)
(6716, 4338)
(6715, 4338)
(6714, 4337)
(6713, 4336)
(6712, 4335)
(6711, 4334)
(6710, 4333)
(6709, 4332)
(6708, 4333)
(6707, 4332)
(6706, 4331)
(6705, 4330)
(6704, 4329)
(6703, 4328)
(6702, 4327)
(6701, 4326)
(6700, 4325)
(6699, 4325)
(6698, 4324)
(6697, 4324)
(6696, 4323)
(6695, 4322)
(6694, 4321)
(6693, 4320)
(6692, 4320)
(6691, 4319)
(6690, 4318)
(6689, 4317)
(6688, 4316)
(6687, 4315)
(6686, 4314)
(6685, 4313)
(6684, 4312)
(6683, 4311)
(6682, 4310)
(6681, 4309)
(6680, 4309)
(6679, 4308)
(6678, 4307)
(6677, 4307)
(6676, 4306)
(6675, 4305)
(6674, 4304)
(6673, 4303)
(6672, 4302)
(6671, 4301)
(6670, 4300)
(6669, 4300)
(6668, 4299)
(6667, 4298)
(6666, 4297)
(6665, 4296)
(6664, 4295)
(6663, 4294)
(6662, 4293)
(6661, 4292)
(6660, 4291)
(6659, 4290)
(6658, 4289)
(6657, 4290)
(6656, 4290)
(6655, 4289)
(6654, 4288)
(6653, 4287)
(6652, 4286)
(6651, 4285)
(6650, 4284)
(6649, 4283)
(6648, 4282)
(6647, 4281)
(6646, 4280)
(6645, 4279)
(6644, 4278)
(6643, 4277)
(6642, 4276)
(6641, 4277)
(6640, 4276)
(6639, 4277)
(6638, 4276)
(6637, 4275)
(6636, 4274)
(6635, 4273)
(6634, 4273)
(6633, 4272)
(6632, 4271)
(6631, 4270)
(6630, 4269)
(6629, 4268)
(6628, 4268)
(6627, 4267)
(6626, 4266)
(6625, 4265)
(6624, 4264)
(6623, 4263)
(6622, 4262)
(6621, 4261)
(6620, 4260)
(6619, 4260)
(6618, 4260)
(6617, 4259)
(6616, 4258)
(6615, 4257)
(6614, 4256)
(6613, 4255)
(6612, 4254)
(6611, 4253)
(6610, 4252)
(6609, 4251)
(6608, 4250)
(6607, 4249)
(6606, 4249)
(6605, 4248)
(6604, 4248)
(6603, 4247)
(6602, 4246)
(6601, 4245)
(6600, 4244)
(6599, 4244)
(6598, 4243)
(6597, 4242)
(6596, 4241)
(6595, 4240)
(6594, 4239)
(6593, 4238)
(6592, 4237)
(6591, 4236)
(6590, 4236)
(6589, 4235)
(6588, 4234)
(6587, 4233)
(6586, 4232)
(6585, 4233)
(6584, 4232)
(6583, 4231)
(6582, 4230)
(6581, 4229)
(6580, 4228)
(6579, 4227)
(6578, 4226)
(6577, 4225)
(6576, 4224)
(6575, 4223)
(6574, 4222)
(6573, 4221)
(6572, 4220)
(6571, 4219)
(6570, 4218)
(6569, 4218)
(6568, 4217)
(6567, 4217)
(6566, 4217)
(6565, 4216)
(6564, 4215)
(6563, 4214)
(6562, 4213)
(6561, 4212)
(6560, 4211)
(6559, 4210)
(6558, 4209)
(6557, 4208)
(6556, 4207)
(6555, 4206)
(6554, 4205)
(6553, 4204)
(6552, 4203)
(6551, 4202)
(6550, 4201)
(6549, 4200)
(6548, 4199)
(6547, 4198)
(6546, 4197)
(6545, 4196)
(6544, 4195)
(6543, 4194)
(6542, 4193)
(6541, 4192)
(6540, 4191)
(6539, 4190)
(6538, 4189)
(6537, 4188)
(6536, 4187)
(6535, 4186)
(6534, 4185)
(6533, 4184)
(6532, 4183)
(6531, 4183)
(6530, 4182)
(6529, 4181)
(6528, 4180)
(6527, 4179)
(6526, 4178)
(6525, 4177)
(6524, 4176)
(6523, 4175)
(6522, 4174)
(6521, 4173)
(6520, 4172)
(6519, 4171)
(6518, 4170)
(6517, 4169)
(6516, 4168)
(6515, 4167)
(6514, 4166)
(6513, 4167)
(6512, 4166)
(6511, 4165)
(6510, 4164)
(6509, 4163)
(6508, 4162)
(6507, 4161)
(6506, 4160)
(6505, 4159)
(6504, 4158)
(6503, 4157)
(6502, 4156)
(6501, 4155)
(6500, 4154)
(6499, 4153)
(6498, 4152)
(6497, 4151)
(6496, 4150)
(6495, 4149)
(6494, 4148)
(6493, 4147)
(6492, 4146)
(6491, 4145)
(6490, 4144)
(6489, 4143)
(6488, 4142)
(6487, 4141)
(6486, 4140)
(6485, 4139)
(6484, 4139)
(6483, 4139)
(6482, 4138)
(6481, 4139)
(6480, 4138)
(6479, 4137)
(6478, 4137)
(6477, 4137)
(6476, 4137)
(6475, 4137)
(6474, 4138)
(6473, 4137)
(6472, 4136)
(6471, 4135)
(6470, 4134)
(6469, 4133)
(6468, 4132)
(6467, 4131)
(6466, 4130)
(6465, 4129)
(6464, 4128)
(6463, 4127)
(6462, 4126)
(6461, 4125)
(6460, 4125)
(6459, 4124)
(6458, 4123)
(6457, 4122)
(6456, 4121)
(6455, 4120)
(6454, 4119)
(6453, 4118)
(6452, 4117)
(6451, 4116)
(6450, 4115)
(6449, 4114)
(6448, 4113)
(6447, 4112)
(6446, 4111)
(6445, 4110)
(6444, 4109)
(6443, 4110)
(6442, 4109)
(6441, 4108)
(6440, 4107)
(6439, 4106)
(6438, 4105)
(6437, 4104)
(6436, 4103)
(6435, 4102)
(6434, 4101)
(6433, 4100)
(6432, 4099)
(6431, 4098)
(6430, 4097)
(6429, 4096)
(6428, 4095)
(6427, 4094)
(6426, 4093)
(6425, 4092)
(6424, 4091)
(6423, 4091)
(6422, 4090)
(6421, 4089)
(6420, 4088)
(6419, 4087)
(6418, 4086)
(6417, 4085)
(6416, 4084)
(6415, 4083)
(6414, 4083)
(6413, 4082)
(6412, 4081)
(6411, 4080)
(6410, 4080)
(6409, 4079)
(6408, 4078)
(6407, 4077)
(6406, 4076)
(6405, 4075)
(6404, 4075)
(6403, 4075)
(6402, 4074)
(6401, 4073)
(6400, 4072)
(6399, 4071)
(6398, 4070)
(6397, 4069)
(6396, 4068)
(6395, 4067)
(6394, 4066)
(6393, 4065)
(6392, 4065)
(6391, 4064)
(6390, 4063)
(6389, 4064)
(6388, 4063)
(6387, 4062)
(6386, 4061)
(6385, 4060)
(6384, 4060)
(6383, 4059)
(6382, 4058)
(6381, 4057)
(6380, 4056)
(6379, 4055)
(6378, 4054)
(6377, 4053)
(6376, 4052)
(6375, 4051)
(6374, 4050)
(6373, 4049)
(6372, 4049)
(6371, 4048)
(6370, 4047)
(6369, 4047)
(6368, 4046)
(6367, 4045)
(6366, 4044)
(6365, 4043)
(6364, 4042)
(6363, 4042)
(6362, 4041)
(6361, 4040)
(6360, 4039)
(6359, 4038)
(6358, 4037)
(6357, 4036)
(6356, 4035)
(6355, 4034)
(6354, 4033)
(6353, 4032)
(6352, 4031)
(6351, 4031)
(6350, 4030)
(6349, 4030)
(6348, 4029)
(6347, 4028)
(6346, 4027)
(6345, 4026)
(6344, 4025)
(6343, 4024)
(6342, 4023)
(6341, 4022)
(6340, 4023)
(6339, 4022)
(6338, 4021)
(6337, 4021)
(6336, 4021)
(6335, 4020)
(6334, 4019)
(6333, 4018)
(6332, 4018)
(6331, 4017)
(6330, 4016)
(6329, 4015)
(6328, 4014)
(6327, 4013)
(6326, 4012)
(6325, 4011)
(6324, 4010)
(6323, 4009)
(6322, 4008)
(6321, 4007)
(6320, 4006)
(6319, 4005)
(6318, 4005)
(6317, 4004)
(6316, 4003)
(6315, 4002)
(6314, 4001)
(6313, 4000)
(6312, 3999)
(6311, 3998)
(6310, 3997)
(6309, 3996)
(6308, 3995)
(6307, 3994)
(6306, 3993)
(6305, 3992)
(6304, 3991)
(6303, 3992)
(6302, 3991)
(6301, 3991)
(6300, 3990)
(6299, 3989)
(6298, 3988)
(6297, 3987)
(6296, 3986)
(6295, 3985)
(6294, 3984)
(6293, 3983)
(6292, 3982)
(6291, 3981)
(6290, 3980)
(6289, 3979)
(6288, 3978)
(6287, 3979)
(6286, 3978)
(6285, 3977)
(6284, 3976)
(6283, 3976)
(6282, 3975)
(6281, 3975)
(6280, 3974)
(6279, 3973)
(6278, 3972)
(6277, 3971)
(6276, 3970)
(6275, 3971)
(6274, 3970)
(6273, 3969)
(6272, 3968)
(6271, 3967)
(6270, 3966)
(6269, 3965)
(6268, 3964)
(6267, 3964)
(6266, 3963)
(6265, 3962)
(6264, 3962)
(6263, 3961)
(6262, 3960)
(6261, 3959)
(6260, 3958)
(6259, 3957)
(6258, 3956)
(6257, 3957)
(6256, 3957)
(6255, 3957)
(6254, 3956)
(6253, 3956)
(6252, 3955)
(6251, 3954)
(6250, 3953)
(6249, 3952)
(6248, 3951)
(6247, 3950)
(6246, 3949)
(6245, 3948)
(6244, 3947)
(6243, 3946)
(6242, 3945)
(6241, 3944)
(6240, 3943)
(6239, 3943)
(6238, 3942)
(6237, 3941)
(6236, 3940)
(6235, 3939)
(6234, 3938)
(6233, 3937)
(6232, 3936)
(6231, 3935)
(6230, 3935)
(6229, 3934)
(6228, 3933)
(6227, 3932)
(6226, 3931)
(6225, 3930)
(6224, 3929)
(6223, 3928)
(6222, 3927)
(6221, 3926)
(6220, 3925)
(6219, 3924)
(6218, 3923)
(6217, 3922)
(6216, 3921)
(6215, 3920)
(6214, 3919)
(6213, 3918)
(6212, 3917)
(6211, 3916)
(6210, 3915)
(6209, 3914)
(6208, 3913)
(6207, 3912)
(6206, 3911)
(6205, 3910)
(6204, 3909)
(6203, 3908)
(6202, 3907)
(6201, 3906)
(6200, 3905)
(6199, 3906)
(6198, 3906)
(6197, 3907)
(6196, 3907)
(6195, 3907)
(6194, 3906)
(6193, 3905)
(6192, 3904)
(6191, 3903)
(6190, 3902)
(6189, 3901)
(6188, 3900)
(6187, 3899)
(6186, 3898)
(6185, 3897)
(6184, 3896)
(6183, 3895)
(6182, 3894)
(6181, 3893)
(6180, 3892)
(6179, 3891)
(6178, 3890)
(6177, 3889)
(6176, 3888)
(6175, 3887)
(6174, 3887)
(6173, 3886)
(6172, 3885)
(6171, 3884)
(6170, 3883)
(6169, 3882)
(6168, 3881)
(6167, 3880)
(6166, 3879)
(6165, 3879)
(6164, 3878)
(6163, 3877)
(6162, 3876)
(6161, 3875)
(6160, 3874)
(6159, 3873)
(6158, 3872)
(6157, 3871)
(6156, 3870)
(6155, 3869)
(6154, 3868)
(6153, 3867)
(6152, 3866)
(6151, 3865)
(6150, 3864)
(6149, 3863)
(6148, 3862)
(6147, 3861)
(6146, 3860)
(6145, 3859)
(6144, 3858)
(6143, 3857)
(6142, 3857)
(6141, 3856)
(6140, 3856)
(6139, 3855)
(6138, 3854)
(6137, 3853)
(6136, 3852)
(6135, 3851)
(6134, 3850)
(6133, 3849)
(6132, 3848)
(6131, 3847)
(6130, 3846)
(6129, 3845)
(6128, 3844)
(6127, 3843)
(6126, 3842)
(6125, 3841)
(6124, 3840)
(6123, 3839)
(6122, 3838)
(6121, 3837)
(6120, 3836)
(6119, 3835)
(6118, 3834)
(6117, 3833)
(6116, 3832)
(6115, 3831)
(6114, 3830)
(6113, 3829)
(6112, 3828)
(6111, 3827)
(6110, 3826)
(6109, 3825)
(6108, 3824)
(6107, 3823)
(6106, 3822)
(6105, 3821)
(6104, 3820)
(6103, 3819)
(6102, 3818)
(6101, 3817)
(6100, 3816)
(6099, 3815)
(6098, 3814)
(6097, 3813)
(6096, 3812)
(6095, 3811)
(6094, 3810)
(6093, 3809)
(6092, 3808)
(6091, 3807)
(6090, 3806)
(6089, 3805)
(6088, 3804)
(6087, 3803)
(6086, 3802)
(6085, 3801)
(6084, 3800)
(6083, 3800)
(6082, 3799)
(6081, 3798)
(6080, 3797)
(6079, 3796)
(6078, 3795)
(6077, 3794)
(6076, 3793)
(6075, 3792)
(6074, 3791)
(6073, 3790)
(6072, 3789)
(6071, 3788)
(6070, 3787)
(6069, 3786)
(6068, 3785)
(6067, 3784)
(6066, 3783)
(6065, 3783)
(6064, 3783)
(6063, 3782)
(6062, 3782)
(6061, 3782)
(6060, 3781)
(6059, 3780)
(6058, 3779)
(6057, 3778)
(6056, 3777)
(6055, 3776)
(6054, 3775)
(6053, 3774)
(6052, 3773)
(6051, 3772)
(6050, 3771)
(6049, 3770)
(6048, 3769)
(6047, 3768)
(6046, 3768)
(6045, 3767)
(6044, 3766)
(6043, 3765)
(6042, 3764)
(6041, 3763)
(6040, 3763)
(6039, 3762)
(6038, 3761)
(6037, 3760)
(6036, 3759)
(6035, 3758)
(6034, 3757)
(6033, 3756)
(6032, 3755)
(6031, 3754)
(6030, 3754)
(6029, 3753)
(6028, 3752)
(6027, 3751)
(6026, 3750)
(6025, 3749)
(6024, 3748)
(6023, 3747)
(6022, 3746)
(6021, 3745)
(6020, 3744)
(6019, 3743)
(6018, 3742)
(6017, 3743)
(6016, 3742)
(6015, 3742)
(6014, 3741)
(6013, 3741)
(6012, 3740)
(6011, 3739)
(6010, 3738)
(6009, 3738)
(6008, 3737)
(6007, 3738)
(6006, 3737)
(6005, 3736)
(6004, 3736)
(6003, 3735)
(6002, 3735)
(6001, 3734)
(6000, 3733)
(5999, 3732)
(5998, 3731)
(5997, 3730)
(5996, 3729)
(5995, 3728)
(5994, 3727)
(5993, 3726)
(5992, 3725)
(5991, 3724)
(5990, 3723)
(5989, 3722)
(5988, 3721)
(5987, 3721)
(5986, 3720)
(5985, 3719)
(5984, 3718)
(5983, 3717)
(5982, 3716)
(5981, 3716)
(5980, 3715)
(5979, 3714)
(5978, 3713)
(5977, 3712)
(5976, 3711)
(5975, 3710)
(5974, 3709)
(5973, 3709)
(5972, 3708)
(5971, 3708)
(5970, 3709)
(5969, 3710)
(5968, 3709)
(5967, 3708)
(5966, 3707)
(5965, 3706)
(5964, 3707)
(5963, 3706)
(5962, 3705)
(5961, 3704)
(5960, 3703)
(5959, 3702)
(5958, 3701)
(5957, 3700)
(5956, 3699)
(5955, 3699)
(5954, 3698)
(5953, 3697)
(5952, 3696)
(5951, 3695)
(5950, 3694)
(5949, 3693)
(5948, 3692)
(5947, 3691)
(5946, 3690)
(5945, 3689)
(5944, 3688)
(5943, 3687)
(5942, 3686)
(5941, 3685)
(5940, 3684)
(5939, 3683)
(5938, 3682)
(5937, 3681)
(5936, 3680)
(5935, 3679)
(5934, 3678)
(5933, 3677)
(5932, 3676)
(5931, 3675)
(5930, 3675)
(5929, 3674)
(5928, 3673)
(5927, 3672)
(5926, 3671)
(5925, 3670)
(5924, 3669)
(5923, 3668)
(5922, 3667)
(5921, 3666)
(5920, 3667)
(5919, 3667)
(5918, 3666)
(5917, 3665)
(5916, 3664)
(5915, 3663)
(5914, 3662)
(5913, 3661)
(5912, 3660)
(5911, 3659)
(5910, 3658)
(5909, 3657)
(5908, 3656)
(5907, 3655)
(5906, 3654)
(5905, 3653)
(5904, 3653)
(5903, 3652)
(5902, 3651)
(5901, 3650)
(5900, 3651)
(5899, 3650)
(5898, 3649)
(5897, 3648)
(5896, 3647)
(5895, 3646)
(5894, 3645)
(5893, 3644)
(5892, 3643)
(5891, 3642)
(5890, 3641)
(5889, 3642)
(5888, 3641)
(5887, 3640)
(5886, 3639)
(5885, 3638)
(5884, 3637)
(5883, 3636)
(5882, 3635)
(5881, 3634)
(5880, 3633)
(5879, 3632)
(5878, 3631)
(5877, 3631)
(5876, 3630)
(5875, 3629)
(5874, 3628)
(5873, 3627)
(5872, 3626)
(5871, 3625)
(5870, 3624)
(5869, 3623)
(5868, 3622)
(5867, 3621)
(5866, 3620)
(5865, 3620)
(5864, 3619)
(5863, 3618)
(5862, 3617)
(5861, 3616)
(5860, 3615)
(5859, 3614)
(5858, 3613)
(5857, 3613)
(5856, 3612)
(5855, 3611)
(5854, 3610)
(5853, 3609)
(5852, 3608)
(5851, 3607)
(5850, 3606)
(5849, 3605)
(5848, 3604)
(5847, 3603)
(5846, 3602)
(5845, 3601)
(5844, 3600)
(5843, 3599)
(5842, 3598)
(5841, 3597)
(5840, 3596)
(5839, 3595)
(5838, 3594)
(5837, 3594)
(5836, 3594)
(5835, 3593)
(5834, 3592)
(5833, 3591)
(5832, 3590)
(5831, 3590)
(5830, 3589)
(5829, 3588)
(5828, 3587)
(5827, 3586)
(5826, 3585)
(5825, 3584)
(5824, 3583)
(5823, 3582)
(5822, 3581)
(5821, 3580)
(5820, 3580)
(5819, 3579)
(5818, 3578)
(5817, 3577)
(5816, 3576)
(5815, 3575)
(5814, 3574)
(5813, 3573)
(5812, 3572)
(5811, 3571)
(5810, 3570)
(5809, 3569)
(5808, 3568)
(5807, 3567)
(5806, 3566)
(5805, 3565)
(5804, 3564)
(5803, 3563)
(5802, 3562)
(5801, 3561)
(5800, 3560)
(5799, 3559)
(5798, 3558)
(5797, 3558)
(5796, 3557)
(5795, 3556)
(5794, 3555)
(5793, 3554)
(5792, 3553)
(5791, 3552)
(5790, 3551)
(5789, 3550)
(5788, 3549)
(5787, 3549)
(5786, 3550)
(5785, 3551)
(5784, 3552)
(5783, 3552)
(5782, 3551)
(5781, 3550)
(5780, 3550)
(5779, 3549)
(5778, 3548)
(5777, 3547)
(5776, 3547)
(5775, 3547)
(5774, 3546)
(5773, 3545)
(5772, 3544)
(5771, 3544)
(5770, 3543)
(5769, 3542)
(5768, 3541)
(5767, 3540)
(5766, 3539)
(5765, 3538)
(5764, 3537)
(5763, 3536)
(5762, 3535)
(5761, 3534)
(5760, 3533)
(5759, 3532)
(5758, 3531)
(5757, 3530)
(5756, 3529)
(5755, 3528)
(5754, 3528)
(5753, 3528)
(5752, 3527)
(5751, 3526)
(5750, 3525)
(5749, 3524)
(5748, 3523)
(5747, 3522)
(5746, 3521)
(5745, 3520)
(5744, 3519)
(5743, 3518)
(5742, 3517)
(5741, 3516)
(5740, 3515)
(5739, 3514)
(5738, 3513)
(5737, 3512)
(5736, 3511)
(5735, 3510)
(5734, 3509)
(5733, 3508)
(5732, 3507)
(5731, 3506)
(5730, 3505)
(5729, 3504)
(5728, 3503)
(5727, 3502)
(5726, 3501)
(5725, 3500)
(5724, 3499)
(5723, 3498)
(5722, 3497)
(5721, 3496)
(5720, 3495)
(5719, 3494)
(5718, 3493)
(5717, 3492)
(5716, 3492)
(5715, 3492)
(5714, 3491)
(5713, 3490)
(5712, 3489)
(5711, 3488)
(5710, 3487)
(5709, 3486)
(5708, 3485)
(5707, 3484)
(5706, 3483)
(5705, 3482)
(5704, 3481)
(5703, 3480)
(5702, 3479)
(5701, 3480)
(5700, 3479)
(5699, 3478)
(5698, 3477)
(5697, 3476)
(5696, 3475)
(5695, 3474)
(5694, 3473)
(5693, 3472)
(5692, 3471)
(5691, 3470)
(5690, 3469)
(5689, 3468)
(5688, 3468)
(5687, 3467)
(5686, 3466)
(5685, 3465)
(5684, 3464)
(5683, 3463)
(5682, 3462)
(5681, 3461)
(5680, 3460)
(5679, 3459)
(5678, 3458)
(5677, 3457)
(5676, 3456)
(5675, 3455)
(5674, 3454)
(5673, 3453)
(5672, 3452)
(5671, 3451)
(5670, 3450)
(5669, 3449)
(5668, 3448)
(5667, 3447)
(5666, 3446)
(5665, 3445)
(5664, 3444)
(5663, 3443)
(5662, 3442)
(5661, 3441)
(5660, 3440)
(5659, 3439)
(5658, 3438)
(5657, 3437)
(5656, 3436)
(5655, 3435)
(5654, 3434)
(5653, 3433)
(5652, 3432)
(5651, 3431)
(5650, 3430)
(5649, 3429)
(5648, 3428)
(5647, 3427)
(5646, 3426)
(5645, 3425)
(5644, 3424)
(5643, 3423)
(5642, 3422)
(5641, 3421)
(5640, 3420)
(5639, 3419)
(5638, 3418)
(5637, 3417)
(5636, 3416)
(5635, 3415)
(5634, 3414)
(5633, 3413)
(5632, 3412)
(5631, 3411)
(5630, 3410)
(5629, 3409)
(5628, 3408)
(5627, 3407)
(5626, 3406)
(5625, 3405)
(5624, 3404)
(5623, 3403)
(5622, 3402)
(5621, 3401)
(5620, 3400)
(5619, 3399)
(5618, 3398)
(5617, 3397)
(5616, 3396)
(5615, 3395)
(5614, 3394)
(5613, 3393)
(5612, 3392)
(5611, 3391)
(5610, 3390)
(5609, 3389)
(5608, 3388)
(5607, 3387)
(5606, 3386)
(5605, 3385)
(5604, 3384)
(5603, 3383)
(5602, 3382)
(5601, 3381)
(5600, 3380)
(5599, 3379)
(5598, 3378)
(5597, 3377)
(5596, 3377)
(5595, 3376)
(5594, 3375)
(5593, 3374)
(5592, 3373)
(5591, 3372)
(5590, 3371)
(5589, 3372)
(5588, 3371)
(5587, 3370)
(5586, 3370)
(5585, 3369)
(5584, 3368)
(5583, 3367)
(5582, 3366)
(5581, 3365)
(5580, 3365)
(5579, 3364)
(5578, 3363)
(5577, 3362)
(5576, 3361)
(5575, 3360)
(5574, 3359)
(5573, 3358)
(5572, 3358)
(5571, 3357)
(5570, 3356)
(5569, 3355)
(5568, 3354)
(5567, 3353)
(5566, 3352)
(5565, 3351)
(5564, 3350)
(5563, 3350)
(5562, 3349)
(5561, 3348)
(5560, 3347)
(5559, 3346)
(5558, 3346)
(5557, 3346)
(5556, 3345)
(5555, 3345)
(5554, 3344)
(5553, 3344)
(5552, 3343)
(5551, 3342)
(5550, 3341)
(5549, 3340)
(5548, 3339)
(5547, 3339)
(5546, 3338)
(5545, 3337)
(5544, 3337)
(5543, 3337)
(5542, 3336)
(5541, 3335)
(5540, 3335)
(5539, 3334)
(5538, 3333)
(5537, 3332)
(5536, 3331)
(5535, 3330)
(5534, 3329)
(5533, 3328)
(5532, 3327)
(5531, 3326)
(5530, 3325)
(5529, 3324)
(5528, 3324)
(5527, 3323)
(5526, 3322)
(5525, 3321)
(5524, 3320)
(5523, 3320)
(5522, 3319)
(5521, 3318)
(5520, 3317)
(5519, 3316)
(5518, 3315)
(5517, 3314)
(5516, 3313)
(5515, 3312)
(5514, 3311)
(5513, 3310)
(5512, 3309)
(5511, 3308)
(5510, 3307)
(5509, 3306)
(5508, 3305)
(5507, 3304)
(5506, 3303)
(5505, 3302)
(5504, 3301)
(5503, 3300)
(5502, 3299)
(5501, 3298)
(5500, 3297)
(5499, 3296)
(5498, 3295)
(5497, 3294)
(5496, 3293)
(5495, 3292)
(5494, 3291)
(5493, 3290)
(5492, 3289)
(5491, 3288)
(5490, 3287)
(5489, 3286)
(5488, 3285)
(5487, 3284)
(5486, 3283)
(5485, 3282)
(5484, 3281)
(5483, 3280)
(5482, 3279)
(5481, 3278)
(5480, 3277)
(5479, 3276)
(5478, 3275)
(5477, 3274)
(5476, 3273)
(5475, 3272)
(5474, 3271)
(5473, 3270)
(5472, 3270)
(5471, 3269)
(5470, 3268)
(5469, 3267)
(5468, 3266)
(5467, 3265)
(5466, 3264)
(5465, 3263)
(5464, 3262)
(5463, 3261)
(5462, 3260)
(5461, 3259)
(5460, 3258)
(5459, 3257)
(5458, 3256)
(5457, 3255)
(5456, 3255)
(5455, 3254)
(5454, 3253)
(5453, 3252)
(5452, 3251)
(5451, 3250)
(5450, 3249)
(5449, 3248)
(5448, 3247)
(5447, 3246)
(5446, 3245)
(5445, 3245)
(5444, 3245)
(5443, 3244)
(5442, 3243)
(5441, 3243)
(5440, 3242)
(5439, 3242)
(5438, 3242)
(5437, 3243)
(5436, 3244)
(5435, 3243)
(5434, 3242)
(5433, 3241)
(5432, 3240)
(5431, 3239)
(5430, 3238)
(5429, 3237)
(5428, 3236)
(5427, 3235)
(5426, 3234)
(5425, 3233)
(5424, 3232)
(5423, 3231)
(5422, 3230)
(5421, 3229)
(5420, 3228)
(5419, 3228)
(5418, 3227)
(5417, 3226)
(5416, 3225)
(5415, 3224)
(5414, 3223)
(5413, 3222)
(5412, 3221)
(5411, 3220)
(5410, 3219)
(5409, 3219)
(5408, 3218)
(5407, 3217)
(5406, 3216)
(5405, 3215)
(5404, 3214)
(5403, 3213)
(5402, 3212)
(5401, 3211)
(5400, 3210)
(5399, 3209)
(5398, 3208)
(5397, 3207)
(5396, 3207)
(5395, 3206)
(5394, 3205)
(5393, 3204)
(5392, 3203)
(5391, 3202)
(5390, 3201)
(5389, 3200)
(5388, 3199)
(5387, 3200)
(5386, 3200)
(5385, 3199)
(5384, 3198)
(5383, 3197)
(5382, 3196)
(5381, 3196)
(5380, 3197)
(5379, 3198)
(5378, 3197)
(5377, 3196)
(5376, 3196)
(5375, 3195)
(5374, 3194)
(5373, 3193)
(5372, 3192)
(5371, 3191)
(5370, 3190)
(5369, 3191)
(5368, 3190)
(5367, 3189)
(5366, 3189)
(5365, 3188)
(5364, 3188)
(5363, 3188)
(5362, 3187)
(5361, 3186)
(5360, 3185)
(5359, 3184)
(5358, 3183)
(5357, 3182)
(5356, 3181)
(5355, 3180)
(5354, 3179)
(5353, 3178)
(5352, 3177)
(5351, 3176)
(5350, 3175)
(5349, 3174)
(5348, 3173)
(5347, 3172)
(5346, 3171)
(5345, 3170)
(5344, 3169)
(5343, 3168)
(5342, 3168)
(5341, 3167)
(5340, 3166)
(5339, 3165)
(5338, 3164)
(5337, 3163)
(5336, 3162)
(5335, 3161)
(5334, 3160)
(5333, 3161)
(5332, 3161)
(5331, 3162)
(5330, 3162)
(5329, 3161)
(5328, 3160)
(5327, 3159)
(5326, 3158)
(5325, 3157)
(5324, 3156)
(5323, 3155)
(5322, 3154)
(5321, 3153)
(5320, 3152)
(5319, 3151)
(5318, 3150)
(5317, 3149)
(5316, 3148)
(5315, 3147)
(5314, 3146)
(5313, 3145)
(5312, 3144)
(5311, 3143)
(5310, 3142)
(5309, 3141)
(5308, 3140)
(5307, 3140)
(5306, 3141)
(5305, 3140)
(5304, 3139)
(5303, 3138)
(5302, 3137)
(5301, 3136)
(5300, 3135)
(5299, 3134)
(5298, 3133)
(5297, 3132)
(5296, 3131)
(5295, 3131)
(5294, 3131)
(5293, 3130)
(5292, 3130)
(5291, 3131)
(5290, 3130)
(5289, 3129)
(5288, 3128)
(5287, 3128)
(5286, 3128)
(5285, 3128)
(5284, 3128)
(5283, 3128)
(5282, 3127)
(5281, 3127)
(5280, 3127)
(5279, 3126)
(5278, 3126)
(5277, 3125)
(5276, 3124)
(5275, 3123)
(5274, 3122)
(5273, 3122)
(5272, 3121)
(5271, 3120)
(5270, 3119)
(5269, 3118)
(5268, 3117)
(5267, 3116)
(5266, 3115)
(5265, 3114)
(5264, 3113)
(5263, 3112)
(5262, 3111)
(5261, 3110)
(5260, 3109)
(5259, 3109)
(5258, 3109)
(5257, 3109)
(5256, 3109)
(5255, 3108)
(5254, 3107)
(5253, 3107)
(5252, 3108)
(5252, 3109)
(5251, 3109)
(5251, 3110)
(5250, 3110)
(5249, 3111)
(5248, 3110)
(5247, 3110)
(5246, 3110)
(5245, 3110)
(5244, 3110)
(5243, 3110)
(5242, 3109)
(5241, 3108)
(5240, 3107)
(5239, 3107)
(5238, 3107)
(5237, 3106)
(5236, 3105)
(5235, 3104)
(5234, 3103)
(5233, 3102)
(5232, 3103)
(5231, 3102)
(5230, 3101)
(5229, 3100)
(5228, 3099)
(5227, 3098)
(5226, 3097)
(5225, 3096)
(5224, 3095)
(5223, 3094)
(5222, 3093)
(5221, 3092)
(5220, 3091)
(5219, 3090)
(5218, 3089)
(5217, 3088)
(5216, 3087)
(5215, 3086)
(5214, 3085)
(5213, 3085)
(5212, 3084)
(5211, 3083)
(5210, 3082)
(5209, 3081)
(5208, 3080)
(5207, 3079)
(5206, 3078)
(5205, 3077)
(5204, 3076)
(5203, 3075)
(5202, 3074)
(5201, 3073)
(5200, 3072)
(5199, 3071)
(5198, 3070)
(5197, 3069)
(5196, 3068)
(5195, 3067)
(5194, 3066)
(5193, 3065)
(5192, 3064)
(5191, 3063)
(5190, 3062)
(5189, 3061)
(5188, 3060)
(5187, 3059)
(5186, 3058)
(5185, 3057)
(5184, 3056)
(5183, 3055)
(5182, 3054)
(5181, 3053)
(5180, 3052)
(5179, 3051)
(5178, 3050)
(5177, 3049)
(5176, 3048)
(5175, 3049)
(5174, 3048)
(5173, 3047)
(5172, 3047)
(5171, 3046)
(5170, 3047)
(5169, 3048)
(5168, 3048)
(5167, 3047)
(5166, 3046)
(5165, 3045)
(5164, 3045)
(5163, 3044)
(5162, 3043)
(5161, 3042)
(5160, 3041)
(5159, 3040)
(5158, 3039)
(5157, 3038)
(5156, 3038)
(5155, 3037)
(5154, 3036)
(5153, 3036)
(5152, 3035)
(5151, 3034)
(5150, 3033)
(5149, 3032)
(5148, 3032)
(5147, 3031)
(5146, 3032)
(5145, 3033)
(5144, 3033)
(5143, 3032)
(5142, 3031)
(5141, 3031)
(5140, 3030)
(5139, 3030)
(5138, 3029)
(5137, 3028)
(5136, 3027)
(5135, 3027)
(5134, 3028)
(5133, 3028)
(5132, 3027)
(5131, 3026)
(5130, 3025)
(5129, 3024)
(5128, 3023)
(5127, 3022)
(5126, 3021)
(5125, 3020)
(5124, 3019)
(5123, 3018)
(5122, 3017)
(5121, 3016)
(5120, 3015)
(5119, 3014)
(5118, 3014)
(5117, 3013)
(5116, 3012)
(5115, 3012)
(5114, 3012)
(5113, 3011)
(5112, 3010)
(5111, 3009)
(5110, 3008)
(5109, 3007)
(5108, 3007)
(5107, 3007)
(5106, 3006)
(5105, 3005)
(5104, 3004)
(5103, 3003)
(5102, 3002)
(5101, 3001)
(5100, 3000)
(5099, 2999)
(5098, 2998)
(5097, 2997)
(5096, 2996)
(5095, 2995)
(5094, 2994)
(5093, 2993)
(5092, 2992)
(5091, 2991)
(5090, 2990)
(5089, 2989)
(5088, 2988)
(5087, 2987)
(5086, 2986)
(5085, 2985)
(5084, 2984)
(5083, 2983)
(5082, 2982)
(5081, 2981)
(5080, 2980)
(5079, 2979)
(5078, 2978)
(5077, 2978)
(5076, 2978)
(5075, 2977)
(5074, 2976)
(5073, 2975)
(5072, 2974)
(5071, 2973)
(5070, 2972)
(5069, 2971)
(5068, 2970)
(5067, 2969)
(5066, 2968)
(5065, 2967)
(5064, 2966)
(5063, 2965)
(5062, 2964)
(5061, 2963)
(5060, 2962)
(5059, 2961)
(5058, 2961)
(5057, 2960)
(5056, 2959)
(5055, 2958)
(5054, 2957)
(5053, 2956)
(5052, 2955)
(5051, 2954)
(5050, 2953)
(5049, 2952)
(5048, 2951)
(5047, 2950)
(5046, 2950)
(5045, 2949)
(5044, 2948)
(5043, 2947)
(5042, 2946)
(5041, 2946)
(5040, 2946)
(5039, 2946)
(5038, 2945)
(5037, 2944)
(5036, 2943)
(5035, 2942)
(5034, 2941)
(5033, 2940)
(5032, 2939)
(5031, 2938)
(5030, 2937)
(5029, 2936)
(5028, 2935)
(5027, 2934)
(5026, 2933)
(5025, 2932)
(5024, 2931)
(5023, 2930)
(5022, 2930)
(5021, 2930)
(5020, 2929)
(5019, 2928)
(5018, 2927)
(5017, 2926)
(5016, 2925)
(5015, 2924)
(5014, 2923)
(5013, 2922)
(5012, 2921)
(5011, 2920)
(5010, 2919)
(5009, 2918)
(5008, 2917)
(5007, 2916)
(5006, 2915)
(5005, 2914)
(5004, 2913)
(5003, 2912)
(5002, 2911)
(5001, 2910)
(5000, 2909)
(4999, 2908)
(4998, 2907)
(4997, 2906)
(4996, 2905)
(4995, 2904)
(4994, 2903)
(4993, 2902)
(4992, 2902)
(4991, 2901)
(4990, 2900)
(4989, 2899)
(4988, 2898)
(4987, 2897)
(4986, 2896)
(4985, 2895)
(4984, 2894)
(4983, 2893)
(4982, 2892)
(4981, 2891)
(4980, 2890)
(4979, 2889)
(4978, 2888)
(4977, 2887)
(4976, 2886)
(4975, 2885)
(4974, 2884)
(4973, 2883)
(4972, 2883)
(4971, 2882)
(4970, 2881)
(4969, 2880)
(4968, 2879)
(4967, 2878)
(4966, 2877)
(4965, 2876)
(4964, 2876)
(4963, 2876)
(4962, 2877)
(4961, 2876)
(4960, 2876)
(4959, 2876)
(4958, 2875)
(4957, 2874)
(4956, 2874)
(4955, 2873)
(4954, 2872)
(4953, 2871)
(4952, 2871)
(4951, 2870)
(4950, 2869)
(4949, 2868)
(4948, 2867)
(4947, 2866)
(4946, 2865)
(4945, 2864)
(4944, 2863)
(4943, 2862)
(4942, 2861)
(4941, 2861)
(4940, 2860)
(4939, 2859)
(4938, 2859)
(4937, 2858)
(4936, 2858)
(4935, 2857)
(4934, 2856)
(4933, 2855)
(4932, 2854)
(4931, 2853)
(4930, 2852)
(4929, 2851)
(4928, 2850)
(4927, 2849)
(4926, 2848)
(4925, 2847)
(4924, 2846)
(4923, 2845)
(4922, 2844)
(4921, 2844)
(4920, 2845)
(4919, 2845)
(4918, 2844)
(4917, 2843)
(4916, 2842)
(4915, 2841)
(4914, 2840)
(4913, 2839)
(4912, 2838)
(4911, 2837)
(4910, 2836)
(4909, 2835)
(4908, 2834)
(4907, 2833)
(4906, 2832)
(4905, 2831)
(4904, 2830)
(4903, 2829)
(4902, 2828)
(4901, 2827)
(4900, 2826)
(4899, 2827)
(4898, 2827)
(4897, 2827)
(4896, 2826)
(4895, 2826)
(4894, 2826)
(4893, 2825)
(4892, 2824)
(4891, 2823)
(4890, 2822)
(4889, 2821)
(4888, 2820)
(4887, 2819)
(4886, 2818)
(4885, 2817)
(4884, 2816)
(4883, 2815)
(4882, 2814)
(4881, 2813)
(4880, 2812)
(4879, 2811)
(4878, 2810)
(4877, 2809)
(4876, 2808)
(4875, 2807)
(4874, 2807)
(4873, 2806)
(4872, 2805)
(4871, 2804)
(4870, 2805)
(4869, 2804)
(4868, 2805)
(4867, 2804)
(4866, 2803)
(4865, 2804)
(4864, 2804)
(4863, 2803)
(4862, 2802)
(4861, 2801)
(4860, 2800)
(4859, 2799)
(4858, 2798)
(4857, 2797)
(4856, 2796)
(4855, 2795)
(4854, 2794)
(4853, 2793)
(4852, 2793)
(4851, 2792)
(4850, 2791)
(4849, 2791)
(4848, 2790)
(4847, 2789)
(4846, 2788)
(4845, 2787)
(4844, 2786)
(4843, 2785)
(4842, 2784)
(4841, 2783)
(4840, 2782)
(4839, 2781)
(4838, 2780)
(4837, 2779)
(4836, 2778)
(4835, 2777)
(4834, 2776)
(4833, 2775)
(4832, 2774)
(4831, 2773)
(4830, 2773)
(4829, 2772)
(4828, 2771)
(4827, 2770)
(4826, 2769)
(4825, 2768)
(4824, 2767)
(4823, 2766)
(4822, 2765)
(4821, 2764)
(4820, 2763)
(4819, 2762)
(4818, 2761)
(4817, 2760)
(4816, 2759)
(4815, 2758)
(4814, 2758)
(4813, 2757)
(4812, 2758)
(4811, 2757)
(4810, 2756)
(4809, 2755)
(4808, 2754)
(4807, 2753)
(4806, 2752)
(4805, 2751)
(4804, 2750)
(4803, 2749)
(4802, 2748)
(4801, 2747)
(4800, 2746)
(4799, 2745)
(4798, 2744)
(4797, 2743)
(4796, 2742)
(4795, 2741)
(4794, 2740)
(4793, 2740)
(4792, 2739)
(4791, 2738)
(4790, 2737)
(4789, 2736)
(4788, 2735)
(4787, 2734)
(4786, 2733)
(4785, 2732)
(4784, 2731)
(4783, 2731)
(4782, 2730)
(4781, 2729)
(4780, 2728)
(4779, 2728)
(4778, 2727)
(4777, 2726)
(4776, 2725)
(4775, 2724)
(4774, 2723)
(4773, 2722)
(4772, 2721)
(4771, 2720)
(4770, 2719)
(4769, 2718)
(4768, 2717)
(4767, 2716)
(4766, 2715)
(4765, 2714)
(4764, 2713)
(4763, 2712)
(4762, 2711)
(4761, 2710)
(4760, 2709)
(4759, 2708)
(4758, 2707)
(4757, 2706)
(4756, 2705)
(4755, 2704)
(4754, 2703)
(4753, 2702)
(4752, 2701)
(4751, 2700)
(4750, 2699)
(4749, 2698)
(4748, 2697)
(4747, 2696)
(4746, 2695)
(4745, 2694)
(4744, 2693)
(4743, 2692)
(4742, 2691)
(4741, 2690)
(4740, 2689)
(4739, 2688)
(4738, 2687)
(4737, 2686)
(4736, 2685)
(4735, 2684)
(4734, 2683)
(4733, 2682)
(4732, 2681)
(4731, 2680)
(4730, 2679)
(4729, 2678)
(4728, 2677)
(4727, 2676)
(4726, 2675)
(4725, 2674)
(4724, 2673)
(4723, 2672)
(4722, 2671)
(4721, 2670)
(4720, 2669)
(4719, 2668)
(4718, 2667)
(4717, 2666)
(4716, 2665)
(4715, 2664)
(4714, 2663)
(4713, 2662)
(4712, 2661)
(4711, 2660)
(4710, 2659)
(4709, 2658)
(4708, 2657)
(4707, 2656)
(4706, 2655)
(4705, 2655)
(4704, 2654)
(4703, 2653)
(4702, 2652)
(4701, 2651)
(4700, 2650)
(4699, 2649)
(4698, 2648)
(4697, 2648)
(4696, 2647)
(4695, 2646)
(4694, 2645)
(4693, 2644)
(4692, 2643)
(4691, 2642)
(4690, 2641)
(4689, 2640)
(4688, 2639)
(4687, 2638)
(4686, 2638)
(4685, 2637)
(4684, 2636)
(4683, 2635)
(4682, 2634)
(4681, 2633)
(4680, 2632)
(4679, 2631)
(4678, 2630)
(4677, 2631)
(4676, 2630)
(4675, 2629)
(4674, 2628)
(4673, 2627)
(4672, 2626)
(4671, 2625)
(4670, 2625)
(4669, 2625)
(4668, 2624)
(4667, 2623)
(4666, 2624)
(4665, 2623)
(4664, 2622)
(4663, 2621)
(4662, 2620)
(4661, 2619)
(4660, 2618)
(4659, 2617)
(4658, 2616)
(4657, 2615)
(4656, 2614)
(4655, 2613)
(4654, 2613)
(4653, 2613)
(4652, 2612)
(4651, 2611)
(4650, 2610)
(4649, 2609)
(4648, 2608)
(4647, 2607)
(4646, 2606)
(4645, 2605)
(4644, 2604)
(4643, 2603)
(4642, 2604)
(4641, 2603)
(4640, 2602)
(4639, 2601)
(4638, 2600)
(4637, 2599)
(4636, 2598)
(4635, 2598)
(4634, 2598)
(4633, 2598)
(4632, 2597)
(4631, 2598)
(4630, 2599)
(4629, 2598)
(4628, 2599)
(4627, 2600)
(4626, 2601)
(4625, 2601)
(4624, 2600)
(4623, 2599)
(4622, 2598)
(4621, 2597)
(4620, 2596)
(4619, 2595)
(4618, 2594)
(4617, 2593)
(4616, 2592)
(4615, 2591)
(4614, 2590)
(4613, 2589)
(4612, 2588)
(4611, 2588)
(4610, 2587)
(4609, 2587)
(4608, 2586)
(4607, 2585)
(4606, 2584)
(4605, 2583)
(4604, 2582)
(4603, 2581)
(4602, 2580)
(4601, 2579)
(4600, 2578)
(4599, 2577)
(4598, 2576)
(4597, 2575)
(4596, 2574)
(4595, 2573)
(4594, 2572)
(4593, 2571)
(4592, 2570)
(4591, 2569)
(4590, 2568)
(4589, 2567)
(4588, 2566)
(4587, 2565)
(4586, 2564)
(4585, 2563)
(4584, 2562)
(4583, 2561)
(4582, 2560)
(4581, 2559)
(4580, 2558)
(4579, 2557)
(4578, 2556)
(4577, 2555)
(4576, 2554)
(4575, 2553)
(4574, 2552)
(4573, 2551)
(4572, 2551)
(4571, 2550)
(4570, 2549)
(4569, 2548)
(4568, 2547)
(4567, 2546)
(4566, 2545)
(4565, 2544)
(4564, 2543)
(4563, 2542)
(4562, 2541)
(4561, 2540)
(4560, 2540)
(4559, 2539)
(4558, 2538)
(4557, 2537)
(4556, 2536)
(4555, 2535)
(4554, 2534)
(4553, 2533)
(4552, 2533)
(4551, 2532)
(4550, 2531)
(4549, 2530)
(4548, 2530)
(4547, 2530)
(4546, 2530)
(4545, 2530)
(4544, 2530)
(4543, 2530)
(4542, 2529)
(4541, 2528)
(4540, 2529)
(4539, 2528)
(4538, 2527)
(4537, 2526)
(4536, 2525)
(4535, 2524)
(4534, 2523)
(4533, 2522)
(4532, 2521)
(4531, 2520)
(4530, 2520)
(4529, 2519)
(4528, 2518)
(4527, 2517)
(4526, 2516)
(4525, 2515)
(4524, 2514)
(4523, 2513)
(4522, 2513)
(4521, 2512)
(4520, 2511)
(4519, 2510)
(4518, 2509)
(4517, 2508)
(4516, 2507)
(4515, 2508)
(4514, 2508)
(4513, 2507)
(4512, 2506)
(4511, 2505)
(4510, 2505)
(4509, 2505)
(4508, 2504)
(4507, 2503)
(4506, 2502)
(4505, 2501)
(4504, 2500)
(4503, 2499)
(4502, 2498)
(4501, 2497)
(4500, 2497)
(4499, 2496)
(4498, 2495)
(4497, 2494)
(4496, 2493)
(4495, 2492)
(4494, 2491)
(4493, 2490)
(4492, 2490)
(4491, 2489)
(4490, 2488)
(4489, 2487)
(4488, 2486)
(4487, 2485)
(4486, 2484)
(4485, 2483)
(4484, 2484)
(4483, 2484)
(4482, 2483)
(4481, 2482)
(4480, 2481)
(4479, 2481)
(4478, 2480)
(4477, 2479)
(4476, 2478)
(4475, 2477)
(4474, 2476)
(4473, 2475)
(4472, 2474)
(4471, 2473)
(4470, 2472)
(4469, 2471)
(4468, 2470)
(4467, 2469)
(4466, 2468)
(4465, 2467)
(4464, 2466)
(4463, 2465)
(4462, 2464)
(4461, 2463)
(4460, 2462)
(4459, 2461)
(4458, 2460)
(4457, 2459)
(4456, 2459)
(4455, 2458)
(4454, 2457)
(4453, 2456)
(4452, 2455)
(4451, 2456)
(4450, 2456)
(4449, 2455)
(4448, 2454)
(4447, 2453)
(4446, 2452)
(4445, 2451)
(4444, 2450)
(4443, 2449)
(4442, 2449)
(4441, 2448)
(4440, 2447)
(4439, 2446)
(4438, 2445)
(4437, 2444)
(4436, 2443)
(4435, 2442)
(4434, 2442)
(4433, 2441)
(4432, 2440)
(4431, 2439)
(4430, 2438)
(4429, 2437)
(4428, 2436)
(4427, 2435)
(4426, 2434)
(4425, 2433)
(4424, 2432)
(4423, 2431)
(4422, 2430)
(4421, 2430)
(4420, 2429)
(4419, 2428)
(4418, 2427)
(4417, 2426)
(4416, 2425)
(4415, 2424)
(4414, 2423)
(4413, 2422)
(4412, 2421)
(4411, 2420)
(4410, 2419)
(4409, 2418)
(4408, 2417)
(4407, 2416)
(4406, 2416)
(4405, 2415)
(4404, 2414)
(4403, 2413)
(4402, 2412)
(4401, 2411)
(4400, 2411)
(4399, 2410)
(4398, 2409)
(4397, 2408)
(4396, 2407)
(4395, 2406)
(4394, 2406)
(4393, 2405)
(4392, 2404)
(4391, 2403)
(4390, 2402)
(4389, 2401)
(4388, 2400)
(4387, 2399)
(4386, 2398)
(4385, 2397)
(4384, 2396)
(4383, 2395)
(4382, 2394)
(4381, 2393)
(4380, 2392)
(4379, 2391)
(4378, 2390)
(4377, 2389)
(4376, 2388)
(4375, 2387)
(4374, 2386)
(4373, 2385)
(4372, 2384)
(4371, 2383)
(4370, 2382)
(4369, 2381)
(4368, 2380)
(4367, 2379)
(4366, 2378)
(4365, 2379)
(4364, 2379)
(4363, 2378)
(4362, 2378)
(4361, 2377)
(4360, 2376)
(4359, 2375)
(4358, 2375)
(4357, 2374)
(4356, 2373)
(4355, 2372)
(4354, 2371)
(4353, 2370)
(4352, 2369)
(4351, 2368)
(4350, 2367)
(4349, 2366)
(4348, 2365)
(4347, 2364)
(4346, 2363)
(4345, 2362)
(4344, 2361)
(4343, 2360)
(4342, 2360)
(4341, 2359)
(4340, 2358)
(4339, 2357)
(4338, 2356)
(4337, 2356)
(4336, 2355)
(4335, 2354)
(4334, 2353)
(4333, 2352)
(4332, 2352)
(4331, 2351)
(4330, 2350)
(4329, 2349)
(4328, 2348)
(4327, 2347)
(4326, 2346)
(4325, 2345)
(4324, 2345)
(4323, 2346)
(4322, 2345)
(4321, 2344)
(4320, 2343)
(4319, 2342)
(4318, 2341)
(4317, 2340)
(4316, 2340)
(4315, 2339)
(4314, 2338)
(4313, 2337)
(4312, 2336)
(4311, 2335)
(4310, 2334)
(4309, 2333)
(4308, 2332)
(4307, 2331)
(4306, 2330)
(4305, 2329)
(4304, 2328)
(4303, 2327)
(4302, 2326)
(4301, 2325)
(4300, 2324)
(4299, 2323)
(4298, 2322)
(4297, 2321)
(4296, 2320)
(4295, 2319)
(4294, 2318)
(4293, 2317)
(4292, 2316)
(4291, 2315)
(4290, 2314)
(4289, 2313)
(4288, 2312)
(4287, 2311)
(4286, 2310)
(4285, 2310)
(4284, 2309)
(4283, 2309)
(4282, 2308)
(4281, 2307)
(4280, 2306)
(4279, 2305)
(4278, 2304)
(4277, 2303)
(4276, 2302)
(4275, 2301)
(4274, 2300)
(4273, 2299)
(4272, 2298)
(4271, 2297)
(4270, 2296)
(4269, 2295)
(4268, 2294)
(4267, 2293)
(4266, 2292)
(4265, 2291)
(4264, 2290)
(4263, 2290)
(4262, 2289)
(4261, 2288)
(4260, 2287)
(4259, 2286)
(4258, 2285)
(4257, 2284)
(4256, 2283)
(4255, 2282)
(4254, 2281)
(4253, 2280)
(4252, 2280)
(4251, 2279)
(4250, 2278)
(4249, 2277)
(4248, 2276)
(4247, 2275)
(4246, 2275)
(4245, 2274)
(4244, 2273)
(4243, 2272)
(4242, 2271)
(4241, 2270)
(4240, 2269)
(4239, 2268)
(4238, 2267)
(4237, 2266)
(4236, 2265)
(4235, 2264)
(4234, 2264)
(4233, 2263)
(4232, 2262)
(4231, 2261)
(4230, 2260)
(4229, 2259)
(4228, 2258)
(4227, 2257)
(4226, 2257)
(4225, 2256)
(4224, 2255)
(4223, 2254)
(4222, 2253)
(4221, 2252)
(4220, 2253)
(4219, 2252)
(4218, 2251)
(4217, 2250)
(4216, 2249)
(4215, 2248)
(4214, 2247)
(4213, 2246)
(4212, 2245)
(4211, 2244)
(4210, 2243)
(4209, 2242)
(4208, 2241)
(4207, 2241)
(4206, 2242)
(4205, 2242)
(4204, 2241)
(4203, 2240)
(4202, 2239)
(4201, 2238)
(4200, 2237)
(4199, 2236)
(4198, 2235)
(4197, 2234)
(4196, 2234)
(4195, 2233)
(4194, 2232)
(4193, 2233)
(4192, 2233)
(4191, 2233)
(4190, 2234)
(4189, 2233)
(4188, 2232)
(4187, 2231)
(4186, 2230)
(4185, 2229)
(4184, 2228)
(4183, 2227)
(4182, 2226)
(4181, 2225)
(4180, 2224)
(4179, 2223)
(4178, 2222)
(4177, 2221)
(4176, 2220)
(4175, 2219)
(4174, 2218)
(4173, 2218)
(4172, 2219)
(4171, 2219)
(4170, 2218)
(4169, 2217)
(4168, 2216)
(4167, 2215)
(4166, 2214)
(4165, 2213)
(4164, 2212)
(4163, 2211)
(4162, 2210)
(4161, 2209)
(4160, 2208)
(4159, 2207)
(4158, 2206)
(4157, 2205)
(4156, 2204)
(4155, 2203)
(4154, 2202)
(4153, 2201)
(4152, 2200)
(4151, 2199)
(4150, 2198)
(4149, 2197)
(4148, 2196)
(4147, 2195)
(4146, 2194)
(4145, 2193)
(4144, 2192)
(4143, 2191)
(4142, 2190)
(4141, 2189)
(4140, 2188)
(4139, 2187)
(4138, 2186)
(4137, 2185)
(4136, 2184)
(4135, 2183)
(4134, 2182)
(4133, 2181)
(4132, 2180)
(4131, 2179)
(4130, 2178)
(4129, 2177)
(4128, 2176)
(4127, 2175)
(4126, 2174)
(4125, 2174)
(4124, 2173)
(4123, 2172)
(4122, 2171)
(4121, 2170)
(4120, 2170)
(4119, 2170)
(4118, 2169)
(4117, 2168)
(4116, 2167)
(4115, 2166)
(4114, 2166)
(4113, 2165)
(4112, 2165)
(4111, 2164)
(4110, 2163)
(4109, 2162)
(4108, 2161)
(4107, 2160)
(4106, 2160)
(4105, 2159)
(4104, 2158)
(4103, 2159)
(4102, 2158)
(4101, 2157)
(4100, 2156)
(4099, 2155)
(4098, 2154)
(4097, 2153)
(4096, 2153)
(4095, 2153)
(4094, 2153)
(4093, 2152)
(4092, 2151)
(4091, 2150)
(4090, 2150)
(4089, 2149)
(4088, 2148)
(4087, 2147)
(4086, 2147)
(4085, 2146)
(4084, 2145)
(4083, 2145)
(4082, 2145)
(4081, 2145)
(4080, 2145)
(4079, 2144)
(4078, 2143)
(4077, 2142)
(4076, 2141)
(4075, 2140)
(4074, 2139)
(4073, 2138)
(4072, 2137)
(4071, 2137)
(4070, 2137)
(4069, 2137)
(4068, 2136)
(4067, 2137)
(4066, 2137)
(4065, 2137)
(4064, 2136)
(4063, 2135)
(4062, 2134)
(4061, 2133)
(4060, 2132)
(4059, 2131)
(4058, 2130)
(4057, 2129)
(4056, 2128)
(4055, 2127)
(4054, 2128)
(4053, 2128)
(4052, 2128)
(4051, 2128)
(4050, 2128)
(4049, 2127)
(4048, 2126)
(4047, 2125)
(4046, 2124)
(4045, 2123)
(4044, 2122)
(4043, 2121)
(4042, 2120)
(4041, 2119)
(4040, 2118)
(4039, 2118)
(4038, 2118)
(4037, 2117)
(4036, 2116)
(4035, 2116)
(4034, 2115)
(4033, 2114)
(4032, 2113)
(4031, 2112)
(4030, 2111)
(4029, 2110)
(4028, 2109)
(4027, 2108)
(4026, 2107)
(4025, 2106)
(4024, 2107)
(4023, 2107)
(4022, 2106)
(4021, 2105)
(4020, 2104)
(4019, 2103)
(4018, 2102)
(4017, 2101)
(4016, 2101)
(4015, 2100)
(4014, 2100)
(4013, 2099)
(4012, 2098)
(4011, 2097)
(4010, 2096)
(4009, 2095)
(4008, 2094)
(4007, 2093)
(4006, 2092)
(4005, 2091)
(4004, 2090)
(4003, 2089)
(4002, 2088)
(4001, 2087)
(4000, 2086)
(3999, 2085)
(3998, 2084)
(3997, 2083)
(3996, 2082)
(3995, 2081)
(3994, 2080)
(3993, 2080)
(3992, 2079)
(3991, 2078)
(3990, 2077)
(3989, 2076)
(3988, 2075)
(3987, 2074)
(3986, 2073)
(3985, 2072)
(3984, 2071)
(3983, 2070)
(3982, 2069)
(3981, 2068)
(3980, 2067)
(3979, 2066)
(3978, 2065)
(3977, 2064)
(3976, 2063)
(3975, 2062)
(3974, 2062)
(3973, 2062)
(3972, 2061)
(3971, 2060)
(3970, 2060)
(3969, 2059)
(3968, 2059)
(3967, 2058)
(3966, 2057)
(3965, 2056)
(3964, 2056)
(3963, 2055)
(3962, 2054)
(3961, 2053)
(3960, 2052)
(3959, 2051)
(3958, 2050)
(3957, 2049)
(3956, 2048)
(3955, 2047)
(3954, 2046)
(3953, 2045)
(3952, 2044)
(3951, 2044)
(3950, 2043)
(3949, 2042)
(3948, 2041)
(3947, 2040)
(3946, 2039)
(3945, 2040)
(3944, 2039)
(3943, 2038)
(3942, 2039)
(3941, 2038)
(3940, 2037)
(3939, 2036)
(3938, 2036)
(3937, 2035)
(3936, 2034)
(3935, 2033)
(3934, 2032)
(3933, 2031)
(3932, 2030)
(3931, 2029)
(3930, 2028)
(3929, 2028)
(3928, 2027)
(3927, 2026)
(3926, 2025)
(3925, 2024)
(3924, 2023)
(3923, 2022)
(3922, 2022)
(3921, 2021)
(3920, 2020)
(3919, 2019)
(3918, 2018)
(3917, 2017)
(3916, 2016)
(3915, 2015)
(3914, 2015)
(3913, 2014)
(3912, 2013)
(3911, 2012)
(3910, 2011)
(3909, 2010)
(3908, 2009)
(3907, 2008)
(3906, 2007)
(3905, 2006)
(3904, 2005)
(3903, 2004)
(3902, 2005)
(3901, 2005)
(3900, 2006)
(3899, 2006)
(3898, 2007)
(3897, 2007)
(3896, 2007)
(3895, 2007)
(3894, 2007)
(3893, 2006)
(3892, 2005)
(3891, 2004)
(3890, 2003)
(3889, 2002)
(3888, 2001)
(3887, 2000)
(3886, 1999)
(3885, 1999)
(3884, 1999)
(3883, 1998)
(3882, 1997)
(3881, 1996)
(3880, 1995)
(3879, 1994)
(3878, 1993)
(3877, 1992)
(3876, 1992)
(3875, 1992)
(3874, 1991)
(3873, 1990)
(3872, 1989)
(3871, 1988)
(3870, 1987)
(3869, 1986)
(3868, 1985)
(3867, 1986)
(3866, 1986)
(3865, 1985)
(3864, 1984)
(3863, 1983)
(3862, 1982)
(3861, 1981)
(3860, 1980)
(3859, 1979)
(3858, 1980)
(3857, 1980)
(3856, 1979)
(3855, 1978)
(3854, 1977)
(3853, 1976)
(3852, 1975)
(3851, 1974)
(3850, 1973)
(3849, 1972)
(3848, 1971)
(3847, 1970)
(3846, 1969)
(3845, 1968)
(3844, 1967)
(3843, 1966)
(3842, 1965)
(3841, 1964)
(3840, 1963)
(3839, 1962)
(3838, 1961)
(3837, 1960)
(3836, 1959)
(3835, 1958)
(3834, 1957)
(3833, 1957)
(3832, 1957)
(3831, 1957)
(3830, 1956)
(3829, 1955)
(3828, 1954)
(3827, 1953)
(3826, 1952)
(3825, 1951)
(3824, 1950)
(3823, 1949)
(3822, 1948)
(3821, 1947)
(3820, 1946)
(3819, 1945)
(3818, 1944)
(3817, 1943)
(3816, 1942)
(3815, 1941)
(3814, 1940)
(3813, 1939)
(3812, 1938)
(3811, 1937)
(3810, 1936)
(3809, 1935)
(3808, 1934)
(3807, 1933)
(3806, 1932)
(3805, 1931)
(3804, 1930)
(3803, 1929)
(3802, 1928)
(3801, 1927)
(3800, 1926)
(3799, 1925)
(3798, 1924)
(3797, 1923)
(3796, 1922)
(3795, 1921)
(3794, 1920)
(3793, 1919)
(3792, 1918)
(3791, 1917)
(3790, 1916)
(3789, 1915)
(3788, 1914)
(3787, 1913)
(3786, 1914)
(3785, 1913)
(3784, 1912)
(3783, 1911)
(3782, 1910)
(3781, 1909)
(3780, 1908)
(3779, 1907)
(3778, 1906)
(3777, 1905)
(3776, 1904)
(3775, 1903)
(3774, 1902)
(3773, 1901)
(3772, 1901)
(3771, 1901)
(3770, 1900)
(3769, 1899)
(3768, 1898)
(3767, 1897)
(3766, 1896)
(3765, 1895)
(3764, 1894)
(3763, 1893)
(3762, 1892)
(3761, 1891)
(3760, 1890)
(3759, 1889)
(3758, 1888)
(3757, 1887)
(3756, 1886)
(3755, 1885)
(3754, 1884)
(3753, 1883)
(3752, 1882)
(3751, 1881)
(3750, 1880)
(3749, 1879)
(3748, 1879)
(3747, 1878)
(3746, 1877)
(3745, 1876)
(3744, 1875)
(3743, 1874)
(3742, 1873)
(3741, 1872)
(3740, 1871)
(3739, 1870)
(3738, 1871)
(3737, 1870)
(3736, 1869)
(3735, 1868)
(3734, 1867)
(3733, 1866)
(3732, 1866)
(3731, 1865)
(3730, 1864)
(3729, 1863)
(3728, 1862)
(3727, 1861)
(3726, 1862)
(3725, 1862)
(3724, 1861)
(3723, 1860)
(3722, 1859)
(3721, 1858)
(3720, 1857)
(3719, 1856)
(3718, 1855)
(3717, 1854)
(3716, 1854)
(3715, 1853)
(3714, 1852)
(3713, 1852)
(3712, 1851)
(3711, 1850)
(3710, 1849)
(3709, 1848)
(3708, 1848)
(3707, 1848)
(3706, 1848)
(3705, 1847)
(3704, 1846)
(3703, 1845)
(3702, 1844)
(3701, 1843)
(3700, 1842)
(3699, 1841)
(3698, 1840)
(3697, 1839)
(3696, 1838)
(3695, 1837)
(3694, 1837)
(3693, 1836)
(3692, 1835)
(3691, 1834)
(3690, 1833)
(3689, 1832)
(3688, 1831)
(3687, 1830)
(3686, 1830)
(3685, 1830)
(3684, 1829)
(3683, 1828)
(3682, 1827)
(3681, 1826)
(3680, 1825)
(3679, 1826)
(3678, 1825)
(3677, 1824)
(3676, 1823)
(3675, 1822)
(3674, 1821)
(3673, 1820)
(3672, 1820)
(3671, 1819)
(3670, 1818)
(3669, 1818)
(3668, 1817)
(3667, 1817)
(3666, 1816)
(3665, 1815)
(3664, 1814)
(3663, 1813)
(3662, 1812)
(3661, 1811)
(3660, 1811)
(3659, 1811)
(3658, 1810)
(3657, 1809)
(3656, 1808)
(3655, 1807)
(3654, 1806)
(3653, 1806)
(3652, 1805)
(3651, 1805)
(3650, 1804)
(3649, 1803)
(3648, 1802)
(3647, 1802)
(3646, 1801)
(3645, 1801)
(3644, 1801)
(3643, 1800)
(3642, 1800)
(3641, 1800)
(3640, 1799)
(3639, 1798)
(3638, 1797)
(3637, 1796)
(3636, 1795)
(3635, 1794)
(3634, 1793)
(3633, 1792)
(3632, 1791)
(3631, 1790)
(3630, 1789)
(3629, 1788)
(3628, 1787)
(3627, 1787)
(3626, 1787)
(3625, 1786)
(3624, 1785)
(3623, 1784)
(3622, 1783)
(3621, 1782)
(3620, 1781)
(3619, 1780)
(3618, 1779)
(3617, 1778)
(3616, 1777)
(3615, 1776)
(3614, 1775)
(3613, 1774)
(3612, 1773)
(3611, 1772)
(3610, 1771)
(3609, 1770)
(3608, 1769)
(3607, 1768)
(3606, 1767)
(3605, 1767)
(3604, 1766)
(3603, 1766)
(3602, 1766)
(3601, 1765)
(3600, 1764)
(3599, 1763)
(3598, 1762)
(3597, 1761)
(3596, 1760)
(3595, 1759)
(3594, 1758)
(3593, 1757)
(3592, 1757)
(3591, 1756)
(3590, 1755)
(3589, 1754)
(3588, 1753)
(3587, 1752)
(3586, 1751)
(3585, 1751)
(3584, 1752)
(3583, 1752)
(3582, 1751)
(3581, 1750)
(3580, 1749)
(3579, 1748)
(3578, 1747)
(3577, 1747)
(3576, 1748)
(3575, 1748)
(3574, 1749)
(3573, 1750)
(3572, 1750)
(3571, 1749)
(3570, 1749)
(3569, 1748)
(3568, 1747)
(3567, 1747)
(3566, 1747)
(3565, 1746)
(3564, 1745)
(3563, 1745)
(3562, 1745)
(3561, 1744)
(3560, 1744)
(3559, 1744)
(3558, 1743)
(3557, 1743)
(3556, 1742)
(3555, 1741)
(3554, 1740)
(3553, 1739)
(3552, 1738)
(3551, 1737)
(3550, 1736)
(3549, 1735)
(3548, 1734)
(3547, 1733)
(3546, 1732)
(3545, 1731)
(3544, 1730)
(3543, 1729)
(3542, 1728)
(3541, 1727)
(3540, 1726)
(3539, 1725)
(3538, 1724)
(3537, 1723)
(3536, 1722)
(3535, 1721)
(3534, 1720)
(3533, 1719)
(3532, 1718)
(3531, 1717)
(3530, 1716)
(3529, 1715)
(3528, 1714)
(3527, 1713)
(3526, 1712)
(3525, 1711)
(3524, 1710)
(3523, 1709)
(3522, 1708)
(3521, 1707)
(3520, 1706)
(3519, 1705)
(3518, 1704)
(3517, 1703)
(3516, 1702)
(3515, 1701)
(3514, 1700)
(3513, 1699)
(3512, 1698)
(3511, 1697)
(3510, 1696)
(3509, 1695)
(3508, 1694)
(3507, 1693)
(3506, 1692)
(3505, 1691)
(3504, 1690)
(3503, 1689)
(3502, 1688)
(3501, 1688)
(3500, 1687)
(3499, 1686)
(3498, 1685)
(3497, 1684)
(3496, 1683)
(3495, 1682)
(3494, 1681)
(3493, 1680)
(3492, 1679)
(3491, 1678)
(3490, 1677)
(3489, 1676)
(3488, 1675)
(3487, 1675)
(3486, 1674)
(3485, 1673)
(3484, 1672)
(3483, 1671)
(3482, 1670)
(3481, 1669)
(3480, 1668)
(3479, 1668)
(3478, 1668)
(3477, 1667)
(3476, 1667)
(3475, 1668)
(3474, 1669)
(3473, 1668)
(3472, 1669)
(3471, 1668)
(3470, 1667)
(3469, 1666)
(3468, 1665)
(3467, 1664)
(3466, 1663)
(3465, 1663)
(3464, 1662)
(3463, 1661)
(3462, 1660)
(3461, 1659)
(3460, 1658)
(3459, 1657)
(3458, 1656)
(3457, 1655)
(3456, 1654)
(3455, 1653)
(3454, 1652)
(3453, 1651)
(3452, 1650)
(3451, 1650)
(3450, 1649)
(3449, 1648)
(3448, 1648)
(3447, 1647)
(3446, 1646)
(3445, 1645)
(3444, 1644)
(3443, 1643)
(3442, 1642)
(3441, 1641)
(3440, 1640)
(3439, 1639)
(3438, 1638)
(3437, 1637)
(3436, 1636)
(3435, 1635)
(3434, 1634)
(3433, 1633)
(3432, 1632)
(3431, 1631)
(3430, 1630)
(3429, 1629)
(3428, 1628)
(3427, 1627)
(3426, 1626)
(3425, 1625)
(3424, 1624)
(3423, 1623)
(3422, 1623)
(3421, 1623)
(3420, 1623)
(3419, 1622)
(3418, 1621)
(3417, 1621)
(3416, 1620)
(3415, 1620)
(3414, 1619)
(3413, 1618)
(3412, 1617)
(3411, 1616)
(3410, 1615)
(3409, 1614)
(3408, 1613)
(3407, 1612)
(3406, 1611)
(3405, 1610)
(3404, 1609)
(3403, 1608)
(3402, 1607)
(3401, 1606)
(3400, 1605)
(3399, 1604)
(3398, 1603)
(3397, 1602)
(3396, 1601)
(3395, 1600)
(3394, 1599)
(3393, 1598)
(3392, 1597)
(3391, 1597)
(3390, 1596)
(3389, 1595)
(3388, 1596)
(3387, 1595)
(3386, 1594)
(3385, 1594)
(3384, 1594)
(3383, 1593)
(3382, 1592)
(3381, 1591)
(3380, 1590)
(3379, 1589)
(3378, 1588)
(3377, 1587)
(3376, 1586)
(3375, 1585)
(3374, 1584)
(3373, 1583)
(3372, 1582)
(3371, 1581)
(3370, 1580)
(3369, 1579)
(3368, 1578)
(3367, 1577)
(3366, 1576)
(3365, 1577)
(3364, 1576)
(3363, 1575)
(3362, 1574)
(3361, 1573)
(3360, 1572)
(3359, 1571)
(3358, 1571)
(3357, 1570)
(3356, 1569)
(3355, 1568)
(3354, 1567)
(3353, 1566)
(3352, 1565)
(3351, 1564)
(3350, 1563)
(3349, 1562)
(3348, 1561)
(3347, 1560)
(3346, 1559)
(3345, 1558)
(3344, 1557)
(3343, 1558)
(3342, 1557)
(3341, 1556)
(3340, 1555)
(3339, 1554)
(3338, 1553)
(3337, 1552)
(3336, 1552)
(3335, 1551)
(3334, 1550)
(3333, 1549)
(3332, 1548)
(3331, 1548)
(3330, 1549)
(3329, 1550)
(3328, 1550)
(3327, 1549)
(3326, 1548)
(3325, 1547)
(3324, 1546)
(3323, 1545)
(3322, 1544)
(3321, 1543)
(3320, 1542)
(3319, 1541)
(3318, 1540)
(3317, 1539)
(3316, 1538)
(3315, 1537)
(3314, 1537)
(3313, 1538)
(3312, 1538)
(3311, 1538)
(3310, 1537)
(3309, 1536)
(3308, 1535)
(3307, 1534)
(3306, 1533)
(3305, 1532)
(3304, 1531)
(3303, 1530)
(3302, 1529)
(3301, 1528)
(3300, 1527)
(3299, 1527)
(3298, 1526)
(3297, 1525)
(3296, 1524)
(3295, 1523)
(3294, 1522)
(3293, 1521)
(3292, 1521)
(3291, 1520)
(3290, 1520)
(3289, 1519)
(3288, 1518)
(3287, 1517)
(3286, 1516)
(3285, 1515)
(3284, 1515)
(3283, 1514)
(3282, 1515)
(3281, 1514)
(3280, 1514)
(3279, 1513)
(3278, 1512)
(3277, 1511)
(3276, 1510)
(3275, 1510)
(3274, 1510)
(3273, 1509)
(3272, 1508)
(3271, 1507)
(3270, 1506)
(3269, 1505)
(3268, 1504)
(3267, 1503)
(3266, 1503)
(3265, 1503)
(3264, 1502)
(3263, 1501)
(3262, 1500)
(3261, 1499)
(3260, 1498)
(3259, 1498)
(3258, 1497)
(3257, 1496)
(3256, 1495)
(3255, 1494)
(3254, 1493)
(3253, 1492)
(3252, 1491)
(3251, 1491)
(3250, 1490)
(3249, 1489)
(3248, 1488)
(3247, 1487)
(3246, 1486)
(3245, 1485)
(3244, 1484)
(3243, 1483)
(3242, 1482)
(3241, 1481)
(3240, 1480)
(3239, 1479)
(3238, 1479)
(3237, 1479)
(3236, 1479)
(3235, 1478)
(3234, 1477)
(3233, 1476)
(3232, 1475)
(3231, 1474)
(3230, 1473)
(3229, 1472)
(3228, 1471)
(3227, 1471)
(3226, 1470)
(3225, 1469)
(3224, 1468)
(3223, 1467)
(3222, 1466)
(3221, 1465)
(3220, 1464)
(3219, 1463)
(3218, 1462)
(3217, 1461)
(3216, 1460)
(3215, 1459)
(3214, 1458)
(3213, 1457)
(3212, 1456)
(3211, 1455)
(3210, 1454)
(3209, 1453)
(3208, 1452)
(3207, 1451)
(3206, 1450)
(3205, 1449)
(3204, 1448)
(3203, 1447)
(3202, 1446)
(3201, 1445)
(3200, 1444)
(3199, 1443)
(3198, 1442)
(3197, 1441)
(3196, 1440)
(3195, 1440)
(3194, 1439)
(3193, 1439)
(3192, 1439)
(3191, 1438)
(3190, 1439)
(3189, 1438)
(3188, 1437)
(3187, 1436)
(3186, 1435)
(3185, 1434)
(3184, 1435)
(3183, 1434)
(3182, 1433)
(3181, 1432)
(3180, 1431)
(3179, 1430)
(3178, 1429)
(3177, 1428)
(3176, 1427)
(3175, 1426)
(3174, 1425)
(3173, 1424)
(3172, 1423)
(3171, 1422)
(3170, 1421)
(3169, 1420)
(3168, 1421)
(3167, 1420)
(3166, 1419)
(3165, 1418)
(3164, 1417)
(3163, 1416)
(3162, 1415)
(3161, 1414)
(3160, 1415)
(3159, 1414)
(3158, 1413)
(3157, 1412)
(3156, 1411)
(3155, 1410)
(3154, 1409)
(3153, 1408)
(3152, 1407)
(3151, 1406)
(3150, 1405)
(3149, 1404)
(3148, 1403)
(3147, 1403)
(3146, 1402)
(3145, 1401)
(3144, 1400)
(3143, 1399)
(3142, 1398)
(3141, 1397)
(3140, 1396)
(3139, 1395)
(3138, 1394)
(3137, 1393)
(3136, 1392)
(3135, 1391)
(3134, 1390)
(3133, 1389)
(3132, 1388)
(3131, 1388)
(3130, 1387)
(3129, 1386)
(3128, 1385)
(3127, 1384)
(3126, 1383)
(3125, 1382)
(3124, 1381)
(3123, 1380)
(3122, 1379)
(3121, 1378)
(3120, 1377)
(3119, 1376)
(3118, 1375)
(3117, 1374)
(3116, 1373)
(3115, 1372)
(3114, 1371)
(3113, 1370)
(3112, 1369)
(3111, 1368)
(3110, 1367)
(3109, 1366)
(3108, 1365)
(3107, 1364)
(3106, 1363)
(3105, 1362)
(3104, 1361)
(3103, 1360)
(3102, 1359)
(3101, 1358)
(3100, 1357)
(3099, 1356)
(3098, 1355)
(3097, 1354)
(3096, 1353)
(3095, 1352)
(3094, 1351)
(3093, 1350)
(3092, 1349)
(3091, 1348)
(3090, 1347)
(3089, 1346)
(3088, 1345)
(3087, 1344)
(3086, 1343)
(3085, 1342)
(3084, 1341)
(3083, 1340)
(3082, 1339)
(3081, 1338)
(3080, 1337)
(3079, 1336)
(3078, 1335)
(3077, 1335)
(3076, 1334)
(3075, 1333)
(3074, 1332)
(3073, 1331)
(3072, 1330)
(3071, 1329)
(3070, 1328)
(3069, 1327)
(3068, 1326)
(3067, 1325)
(3066, 1324)
(3065, 1323)
(3064, 1322)
(3063, 1322)
(3062, 1321)
(3061, 1320)
(3060, 1320)
(3059, 1319)
(3058, 1318)
(3057, 1317)
(3056, 1316)
(3055, 1315)
(3054, 1314)
(3053, 1314)
(3052, 1313)
(3051, 1312)
(3050, 1312)
(3049, 1312)
(3048, 1312)
(3047, 1311)
(3046, 1310)
(3045, 1309)
(3044, 1309)
(3043, 1308)
(3042, 1307)
(3041, 1306)
(3040, 1306)
(3039, 1305)
(3038, 1304)
(3037, 1303)
(3036, 1302)
(3035, 1302)
(3034, 1303)
(3033, 1302)
(3032, 1301)
(3031, 1301)
(3030, 1300)
(3029, 1299)
(3028, 1298)
(3027, 1298)
(3026, 1297)
(3025, 1296)
(3024, 1295)
(3023, 1294)
(3022, 1293)
(3021, 1292)
(3020, 1291)
(3019, 1290)
(3018, 1289)
(3017, 1288)
(3016, 1287)
(3015, 1286)
(3014, 1286)
(3013, 1286)
(3012, 1285)
(3011, 1284)
(3010, 1283)
(3009, 1282)
(3008, 1281)
(3007, 1280)
(3006, 1279)
(3005, 1278)
(3004, 1277)
(3003, 1276)
(3002, 1275)
(3001, 1274)
(3000, 1273)
(2999, 1272)
(2998, 1271)
(2997, 1270)
(2996, 1269)
(2995, 1268)
(2994, 1267)
(2993, 1267)
(2992, 1266)
(2991, 1265)
(2990, 1264)
(2989, 1263)
(2988, 1262)
(2987, 1261)
(2986, 1260)
(2985, 1261)
(2984, 1260)
(2983, 1259)
(2982, 1259)
(2981, 1258)
(2980, 1258)
(2979, 1258)
(2978, 1257)
(2977, 1256)
(2976, 1256)
(2975, 1257)
(2974, 1257)
(2973, 1256)
(2972, 1255)
(2971, 1254)
(2970, 1253)
(2969, 1252)
(2968, 1251)
(2967, 1250)
(2966, 1249)
(2965, 1248)
(2964, 1247)
(2963, 1246)
(2962, 1245)
(2961, 1244)
(2960, 1243)
(2959, 1244)
(2958, 1243)
(2957, 1242)
(2956, 1241)
(2955, 1240)
(2954, 1239)
(2953, 1239)
(2952, 1240)
(2951, 1239)
(2950, 1238)
(2949, 1237)
(2948, 1236)
(2947, 1235)
(2946, 1234)
(2945, 1233)
(2944, 1232)
(2943, 1231)
(2942, 1230)
(2941, 1230)
(2940, 1230)
(2939, 1229)
(2938, 1228)
(2937, 1227)
(2936, 1226)
(2935, 1226)
(2934, 1225)
(2933, 1224)
(2932, 1223)
(2931, 1222)
(2930, 1221)
(2929, 1220)
(2928, 1219)
(2927, 1218)
(2926, 1217)
(2925, 1216)
(2924, 1215)
(2923, 1214)
(2922, 1213)
(2921, 1212)
(2920, 1211)
(2919, 1210)
(2918, 1209)
(2917, 1208)
(2916, 1207)
(2915, 1206)
(2914, 1205)
(2913, 1204)
(2912, 1203)
(2911, 1202)
(2910, 1201)
(2909, 1200)
(2908, 1199)
(2907, 1198)
(2906, 1199)
(2905, 1198)
(2904, 1197)
(2903, 1196)
(2902, 1195)
(2901, 1195)
(2900, 1194)
(2899, 1193)
(2898, 1192)
(2897, 1191)
(2896, 1190)
(2895, 1189)
(2894, 1189)
(2893, 1188)
(2892, 1187)
(2891, 1186)
(2890, 1185)
(2889, 1184)
(2888, 1183)
(2887, 1183)
(2886, 1182)
(2885, 1181)
(2884, 1180)
(2883, 1180)
(2882, 1179)
(2881, 1178)
(2880, 1177)
(2879, 1176)
(2878, 1175)
(2877, 1174)
(2876, 1173)
(2875, 1172)
(2874, 1171)
(2873, 1170)
(2872, 1170)
(2871, 1169)
(2870, 1169)
(2869, 1168)
(2868, 1167)
(2867, 1166)
(2866, 1165)
(2865, 1164)
(2864, 1163)
(2863, 1162)
(2862, 1161)
(2861, 1160)
(2860, 1159)
(2859, 1158)
(2858, 1157)
(2857, 1157)
(2856, 1156)
(2855, 1155)
(2854, 1154)
(2853, 1153)
(2852, 1152)
(2851, 1151)
(2850, 1150)
(2849, 1149)
(2848, 1149)
(2847, 1149)
(2846, 1149)
(2845, 1149)
(2844, 1148)
(2843, 1147)
(2842, 1146)
(2841, 1145)
(2840, 1144)
(2839, 1143)
(2838, 1142)
(2837, 1142)
(2836, 1141)
(2835, 1141)
(2834, 1140)
(2833, 1139)
(2832, 1138)
(2831, 1137)
(2830, 1136)
(2829, 1135)
(2828, 1134)
(2827, 1133)
(2826, 1132)
(2825, 1131)
(2824, 1130)
(2823, 1129)
(2822, 1128)
(2821, 1127)
(2820, 1126)
(2819, 1125)
(2818, 1124)
(2817, 1123)
(2816, 1122)
(2815, 1122)
(2814, 1121)
(2813, 1121)
(2812, 1120)
(2811, 1119)
(2810, 1118)
(2809, 1117)
(2808, 1116)
(2807, 1115)
(2806, 1114)
(2805, 1114)
(2804, 1113)
(2803, 1112)
(2802, 1111)
(2801, 1110)
(2800, 1110)
(2799, 1109)
(2798, 1108)
(2797, 1107)
(2796, 1106)
(2795, 1105)
(2794, 1104)
(2793, 1103)
(2792, 1102)
(2791, 1101)
(2790, 1102)
(2789, 1101)
(2788, 1100)
(2787, 1099)
(2786, 1098)
(2785, 1097)
(2784, 1096)
(2783, 1096)
(2782, 1095)
(2781, 1094)
(2780, 1093)
(2779, 1092)
(2778, 1091)
(2777, 1091)
(2776, 1090)
(2775, 1089)
(2774, 1088)
(2773, 1087)
(2772, 1086)
(2771, 1085)
(2770, 1084)
(2769, 1083)
(2768, 1082)
(2767, 1081)
(2766, 1080)
(2765, 1079)
(2764, 1078)
(2763, 1077)
(2762, 1077)
(2761, 1076)
(2760, 1077)
(2759, 1076)
(2758, 1075)
(2757, 1074)
(2756, 1073)
(2755, 1072)
(2754, 1071)
(2753, 1070)
(2752, 1069)
(2751, 1068)
(2750, 1067)
(2749, 1066)
(2748, 1065)
(2747, 1064)
(2746, 1063)
(2745, 1062)
(2744, 1061)
(2743, 1061)
(2742, 1060)
(2741, 1059)
(2740, 1058)
(2739, 1057)
(2738, 1056)
(2737, 1055)
(2736, 1054)
(2735, 1053)
(2734, 1052)
(2733, 1051)
(2732, 1051)
(2731, 1051)
(2730, 1050)
(2729, 1049)
(2728, 1048)
(2727, 1047)
(2726, 1046)
(2725, 1045)
(2724, 1044)
(2723, 1043)
(2722, 1042)
(2721, 1041)
(2720, 1040)
(2719, 1039)
(2718, 1038)
(2717, 1037)
(2716, 1036)
(2715, 1035)
(2714, 1034)
(2713, 1033)
(2712, 1032)
(2711, 1032)
(2710, 1031)
(2709, 1031)
(2708, 1030)
(2707, 1029)
(2706, 1028)
(2705, 1027)
(2704, 1026)
(2703, 1025)
(2702, 1024)
(2701, 1023)
(2700, 1022)
(2699, 1021)
(2698, 1020)
(2697, 1019)
(2696, 1018)
(2695, 1017)
(2694, 1017)
(2693, 1017)
(2692, 1016)
(2691, 1015)
(2690, 1014)
(2689, 1014)
(2688, 1013)
(2687, 1012)
(2686, 1011)
(2685, 1011)
(2684, 1010)
(2683, 1009)
(2682, 1008)
(2681, 1007)
(2680, 1006)
(2679, 1005)
(2678, 1004)
(2677, 1003)
(2676, 1002)
(2675, 1001)
(2674, 1000)
(2673, 999)
(2672, 998)
(2671, 997)
(2670, 996)
(2669, 995)
(2668, 994)
(2667, 993)
(2666, 993)
(2665, 993)
(2664, 992)
(2663, 991)
(2662, 990)
(2661, 989)
(2660, 988)
(2659, 987)
(2658, 986)
(2657, 985)
(2656, 984)
(2655, 983)
(2654, 982)
(2653, 981)
(2652, 980)
(2651, 979)
(2650, 978)
(2649, 977)
(2648, 976)
(2647, 975)
(2646, 974)
(2645, 973)
(2644, 972)
(2643, 971)
(2642, 970)
(2641, 969)
(2640, 969)
(2639, 968)
(2638, 968)
(2637, 967)
(2636, 968)
(2635, 967)
(2634, 966)
(2633, 965)
(2632, 964)
(2631, 963)
(2630, 962)
(2629, 963)
(2628, 962)
(2627, 961)
(2626, 960)
(2625, 959)
(2624, 958)
(2623, 957)
(2622, 956)
(2621, 955)
(2620, 954)
(2619, 953)
(2618, 952)
(2617, 951)
(2616, 950)
(2615, 949)
(2614, 949)
(2613, 949)
(2612, 948)
(2611, 947)
(2610, 947)
(2609, 946)
(2608, 945)
(2607, 944)
(2606, 943)
(2605, 942)
(2604, 941)
(2603, 940)
(2602, 939)
(2601, 938)
(2600, 937)
(2599, 936)
(2598, 935)
(2597, 934)
(2596, 933)
(2595, 932)
(2594, 931)
(2593, 930)
(2592, 929)
(2591, 928)
(2590, 927)
(2589, 926)
(2588, 926)
(2587, 925)
(2586, 924)
(2585, 923)
(2584, 922)
(2583, 922)
(2582, 921)
(2581, 920)
(2580, 919)
(2579, 918)
(2578, 917)
(2577, 916)
(2576, 915)
(2575, 914)
(2574, 913)
(2573, 912)
(2572, 911)
(2571, 910)
(2570, 909)
(2569, 908)
(2568, 907)
(2567, 906)
(2566, 905)
(2565, 904)
(2564, 903)
(2563, 902)
(2562, 901)
(2561, 900)
(2560, 899)
(2559, 898)
(2558, 897)
(2557, 896)
(2556, 895)
(2555, 894)
(2554, 894)
(2553, 893)
(2552, 892)
(2551, 891)
(2550, 891)
(2549, 891)
(2548, 890)
(2547, 889)
(2546, 888)
(2545, 888)
(2544, 887)
(2543, 886)
(2542, 885)
(2541, 884)
(2540, 883)
(2539, 883)
(2538, 882)
(2537, 881)
(2536, 880)
(2535, 879)
(2534, 878)
(2533, 877)
(2532, 876)
(2531, 875)
(2530, 875)
(2529, 875)
(2528, 875)
(2527, 874)
(2526, 873)
(2525, 872)
(2524, 871)
(2523, 870)
(2522, 869)
(2521, 868)
(2520, 867)
(2519, 866)
(2518, 865)
(2517, 864)
(2516, 863)
(2515, 862)
(2514, 861)
(2513, 860)
(2512, 859)
(2511, 859)
(2510, 858)
(2509, 857)
(2508, 856)
(2507, 855)
(2506, 854)
(2505, 853)
(2504, 852)
(2503, 851)
(2502, 851)
(2501, 850)
(2500, 849)
(2499, 848)
(2498, 847)
(2497, 846)
(2496, 845)
(2495, 844)
(2494, 843)
(2493, 842)
(2492, 841)
(2491, 841)
(2490, 841)
(2489, 841)
(2488, 840)
(2487, 839)
(2486, 838)
(2485, 837)
(2484, 836)
(2483, 835)
(2482, 834)
(2481, 833)
(2480, 832)
(2479, 831)
(2478, 830)
(2477, 829)
(2476, 828)
(2475, 827)
(2474, 826)
(2473, 825)
(2472, 824)
(2471, 823)
(2470, 822)
(2469, 822)
(2468, 822)
(2467, 822)
(2466, 821)
(2465, 821)
(2464, 820)
(2463, 819)
(2462, 819)
(2461, 819)
(2460, 819)
(2459, 820)
(2458, 820)
(2457, 820)
(2456, 820)
(2455, 820)
(2454, 820)
(2453, 820)
(2452, 821)
(2451, 821)
(2450, 821)
(2449, 821)
(2448, 821)
(2447, 821)
(2446, 820)
(2445, 819)
(2444, 819)
(2443, 819)
(2442, 819)
(2441, 819)
(2440, 819)
(2439, 819)
(2438, 819)
(2437, 819)
(2436, 819)
(2435, 819)
(2434, 819)
(2433, 819)
(2432, 818)
(2431, 817)
(2430, 817)
(2429, 816)
(2428, 815)
(2427, 814)
(2426, 813)
(2425, 812)
(2424, 812)
(2423, 813)
(2422, 813)
(2421, 813)
(2420, 813)
(2419, 813)
(2418, 812)
(2417, 811)
(2416, 810)
(2415, 810)
(2414, 810)
(2413, 810)
(2412, 811)
(2411, 812)
(2410, 813)
(2409, 814)
(2409, 815)
(2408, 815)
(2409, 816)
(2408, 816)
(2407, 816)
(2406, 816)
(2405, 817)
(2404, 818)
(2403, 819)
(2402, 819)
(2401, 820)
(2400, 820)
(2399, 821)
(2398, 822)
(2397, 822)
(2396, 823)
(2395, 823)
(2394, 823)
(2393, 822)
(2392, 821)
(2391, 821)
(2390, 821)
(2389, 821)
(2388, 820)
(2387, 819)
(2386, 818)
(2385, 817)
(2384, 817)
(2383, 817)
(2382, 818)
(2381, 818)
(2380, 818)
(2379, 817)
(2378, 817)
(2377, 817)
(2376, 817)
(2375, 817)
(2374, 817)
(2373, 817)
(2372, 817)
(2371, 817)
(2370, 817)
(2369, 817)
(2368, 817)
(2367, 817)
(2366, 818)
(2365, 819)
(2364, 819)
(2363, 819)
(2364, 820)
(2363, 820)
(2362, 820)
(2363, 821)
(2362, 821)
(2361, 821)
(2360, 822)
(2360, 823)
(2359, 823)
(2358, 824)
(2357, 825)
(2356, 825)
(2355, 826)
(2354, 826)
(2353, 827)
(2352, 827)
(2351, 828)
(2350, 827)
(2349, 826)
(2348, 825)
(2347, 825)
(2346, 824)
(2345, 825)
(2344, 824)
(2343, 823)
(2342, 823)
(2341, 823)
(2340, 823)
(2339, 823)
(2338, 823)
(2339, 824)
(2338, 824)
(2337, 824)
(2336, 825)
(2335, 826)
(2334, 826)
(2333, 826)
(2332, 826)
(2332, 827)
(2331, 827)
(2330, 827)
(2329, 827)
(2328, 827)
(2327, 827)
(2326, 828)
(2325, 829)
(2324, 830)
(2323, 831)
(2322, 831)
(2321, 831)
(2320, 832)
(2319, 832)
(2318, 832)
(2317, 832)
(2316, 832)
(2315, 832)
(2314, 832)
(2313, 832)
(2312, 833)
(2311, 834)
(2310, 835)
(2309, 836)
(2308, 837)
(2307, 837)
(2306, 837)
(2305, 837)
(2304, 837)
(2303, 837)
(2302, 838)
(2301, 838)
(2300, 839)
(2299, 840)
(2298, 840)
(2297, 840)
(2296, 840)
(2295, 841)
(2294, 842)
(2293, 843)
(2293, 844)
(2292, 844)
(2293, 845)
(2292, 845)
(2291, 845)
(2290, 846)
(2289, 847)
(2288, 847)
(2287, 847)
(2286, 847)
(2285, 847)
(2284, 847)
(2283, 847)
(2283, 848)
(2282, 848)
(2281, 849)
(2280, 849)
(2279, 849)
(2278, 850)
(2277, 850)
(2276, 850)
(2275, 850)
(2274, 850)
(2273, 850)
(2272, 851)
(2271, 852)
(2270, 853)
(2269, 854)
(2268, 855)
(2267, 855)
(2266, 855)
(2265, 855)
(2264, 855)
(2263, 855)
(2262, 855)
(2262, 856)
(2261, 856)
(2260, 857)
(2259, 857)
(2258, 857)
(2257, 857)
(2256, 857)
(2255, 857)
(2254, 857)
(2254, 858)
(2253, 858)
(2252, 858)
(2251, 858)
(2250, 858)
(2249, 858)
(2248, 858)
(2247, 858)
(2246, 858)
(2245, 859)
(2244, 859)
(2243, 860)
(2242, 860)
(2241, 861)
(2240, 861)
(2239, 861)
(2238, 861)
(2237, 861)
(2236, 862)
(2236, 863)
(2235, 863)
(2234, 863)
(2235, 864)
(2234, 864)
(2233, 864)
(2232, 864)
(2231, 864)
(2230, 865)
(2229, 866)
(2228, 866)
(2227, 867)
(2226, 868)
(2225, 868)
(2224, 868)
(2223, 868)
(2222, 869)
(2221, 869)
(2220, 870)
(2219, 870)
(2218, 870)
(2217, 871)
(2216, 872)
(2215, 873)
(2214, 873)
(2213, 874)
(2212, 875)
(2211, 876)
(2210, 876)
(2209, 876)
(2208, 876)
(2207, 876)
(2206, 876)
(2205, 877)
(2204, 877)
(2203, 878)
(2202, 879)
(2201, 880)
(2200, 881)
(2199, 882)
(2198, 882)
(2197, 883)
(2196, 884)
(2195, 884)
(2194, 884)
(2193, 885)
(2192, 886)
(2191, 886)
(2190, 887)
(2189, 888)
(2188, 888)
(2187, 889)
(2186, 890)
(2185, 891)
(2184, 892)
(2183, 893)
(2182, 894)
(2182, 895)
(2181, 895)
(2180, 895)
(2180, 896)
(2179, 896)
(2178, 897)
(2177, 897)
(2176, 898)
(2175, 899)
(2174, 899)
(2173, 899)
(2172, 900)
(2171, 901)
(2170, 901)
(2169, 902)
(2168, 902)
(2167, 903)
(2166, 904)
(2165, 905)
(2164, 906)
(2163, 907)
(2163, 908)
(2162, 908)
(2161, 909)
(2160, 910)
(2159, 910)
(2158, 910)
(2157, 910)
(2156, 910)
(2155, 910)
(2154, 910)
(2153, 910)
(2154, 911)
(2153, 911)
(2152, 911)
(2151, 912)
(2150, 913)
(2149, 913)
(2148, 914)
(2147, 915)
(2147, 916)
(2146, 916)
(2145, 916)
(2144, 916)
(2143, 916)
(2142, 916)
(2141, 916)
(2140, 916)
(2139, 916)
(2138, 917)
(2137, 917)
(2136, 917)
(2135, 917)
(2134, 917)
(2133, 917)
(2132, 917)
(2131, 917)
(2130, 917)
(2129, 918)
(2128, 918)
(2127, 918)
(2126, 918)
(2125, 918)
(2124, 918)
(2123, 918)
(2122, 919)
(2122, 920)
(2121, 920)
(2120, 921)
(2119, 922)
(2118, 922)
(2117, 923)
(2116, 923)
(2115, 924)
(2114, 925)
(2113, 926)
(2112, 927)
(2111, 927)
(2110, 928)
(2109, 928)
(2108, 928)
(2107, 929)
(2106, 929)
(2105, 929)
(2104, 929)
(2103, 930)
(2102, 931)
(2101, 932)
(2100, 933)
(2099, 933)
(2098, 933)
(2097, 933)
(2096, 934)
(2095, 935)
(2094, 935)
(2093, 936)
(2092, 936)
(2091, 937)
(2090, 937)
(2089, 938)
(2088, 938)
(2087, 939)
(2086, 939)
(2085, 939)
(2085, 940)
(2084, 940)
(2083, 941)
(2082, 942)
(2081, 942)
(2080, 943)
(2079, 944)
(2078, 944)
(2077, 944)
(2076, 943)
(2075, 943)
(2074, 943)
(2073, 943)
(2072, 943)
(2071, 943)
(2070, 943)
(2069, 943)
(2068, 944)
(2067, 945)
(2066, 946)
(2065, 947)
(2064, 948)
(2063, 949)
(2062, 949)
(2061, 950)
(2060, 951)
(2059, 952)
(2058, 953)
(2057, 954)
(2056, 955)
(2055, 955)
(2054, 955)
(2053, 956)
(2052, 956)
(2051, 956)
(2050, 957)
(2049, 958)
(2048, 959)
(2047, 959)
(2046, 959)
(2045, 960)
(2044, 960)
(2043, 961)
(2042, 962)
(2041, 963)
(2040, 964)
(2039, 964)
(2038, 965)
(2037, 966)
(2036, 967)
(2035, 967)
(2034, 967)
(2033, 967)
(2032, 967)
(2031, 967)
(2030, 968)
(2029, 968)
(2028, 969)
(2027, 970)
(2026, 970)
(2025, 971)
(2024, 972)
(2023, 973)
(2022, 974)
(2021, 975)
(2020, 976)
(2019, 976)
(2018, 976)
(2017, 977)
(2016, 977)
(2015, 978)
(2014, 979)
(2013, 980)
(2012, 981)
(2011, 981)
(2010, 981)
(2009, 981)
(2008, 982)
(2007, 983)
(2006, 984)
(2005, 985)
(2004, 985)
(2003, 986)
(2002, 987)
(2001, 988)
(2000, 988)
(1999, 988)
(1998, 989)
(1997, 990)
(1997, 991)
(1996, 991)
(1995, 991)
(1994, 991)
(1993, 992)
(1992, 992)
(1991, 992)
(1990, 993)
(1989, 994)
(1988, 995)
(1987, 996)
(1986, 997)
(1985, 998)
(1984, 999)
(1983, 1000)
(1982, 1000)
(1981, 1000)
(1980, 1001)
(1979, 1002)
(1978, 1002)
(1977, 1003)
(1976, 1004)
(1975, 1005)
(1974, 1006)
(1974, 1007)
(1973, 1008)
(1972, 1009)
(1971, 1010)
(1970, 1011)
(1969, 1012)
(1968, 1013)
(1967, 1014)
(1966, 1014)
(1965, 1015)
(1964, 1016)
(1965, 1016)
(1964, 1017)
(1963, 1017)
(1962, 1018)
(1961, 1019)
(1960, 1019)
(1961, 1020)
(1962, 1021)
(1962, 1022)
(1962, 1023)
(1961, 1024)
(1960, 1025)
(1959, 1026)
(1958, 1027)
(1957, 1027)
(1957, 1028)
(1956, 1029)
(1955, 1030)
(1954, 1031)
(1953, 1032)
(1952, 1033)
(1951, 1033)
(1950, 1034)
(1949, 1035)
(1948, 1036)
(1947, 1037)
(1946, 1038)
(1945, 1039)
(1944, 1039)
(1943, 1040)
(1942, 1041)
(1941, 1041)
(1940, 1042)
(1939, 1043)
(1938, 1044)
(1938, 1045)
(1937, 1045)
(1938, 1046)
(1937, 1046)
(1936, 1046)
(1935, 1047)
(1934, 1048)
(1933, 1049)
(1932, 1050)
(1931, 1050)
(1930, 1051)
(1929, 1052)
(1928, 1053)
(1927, 1053)
(1926, 1053)
(1925, 1053)
(1924, 1053)
(1923, 1053)
(1922, 1053)
(1921, 1053)
(1920, 1053)
(1919, 1053)
(1918, 1053)
(1917, 1053)
(1916, 1054)
(1915, 1055)
(1914, 1056)
(1915, 1056)
(1916, 1056)
(1916, 1057)
(1915, 1057)
(1914, 1057)
(1913, 1057)
(1914, 1058)
(1913, 1058)
(1912, 1058)
(1911, 1059)
(1910, 1059)
(1909, 1059)
(1908, 1059)
(1907, 1060)
(1907, 1061)
(1907, 1062)
(1906, 1063)
(1905, 1063)
(1904, 1062)
(1903, 1062)
(1902, 1062)
(1902, 1063)
(1901, 1063)
(1900, 1063)
(1899, 1063)
(1898, 1064)
(1897, 1065)
(1896, 1066)
(1895, 1066)
(1894, 1067)
(1893, 1067)
(1892, 1067)
(1891, 1067)
(1890, 1067)
(1889, 1068)
(1888, 1069)
(1887, 1068)
(1886, 1068)
(1885, 1068)
(1884, 1068)
(1883, 1068)
(1882, 1068)
(1881, 1068)
(1880, 1068)
(1879, 1068)
(1878, 1068)
(1877, 1068)
(1876, 1068)
(1875, 1069)
(1874, 1070)
(1873, 1070)
(1872, 1070)
(1871, 1070)
(1870, 1071)
(1869, 1072)
(1868, 1072)
(1867, 1073)
(1866, 1073)
(1865, 1073)
(1864, 1074)
(1863, 1074)
(1862, 1075)
(1861, 1076)
(1860, 1076)
(1859, 1077)
(1858, 1077)
(1857, 1077)
(1856, 1077)
(1855, 1077)
(1854, 1077)
(1853, 1077)
(1852, 1077)
(1851, 1078)
(1850, 1079)
(1849, 1080)
(1848, 1081)
(1847, 1082)
(1846, 1082)
(1845, 1083)
(1844, 1083)
(1843, 1083)
(1842, 1084)
(1841, 1085)
(1840, 1086)
(1839, 1086)
(1838, 1086)
(1837, 1086)
(1836, 1087)
(1835, 1087)
(1834, 1087)
(1833, 1087)
(1832, 1088)
(1831, 1088)
(1830, 1089)
(1829, 1090)
(1828, 1090)
(1828, 1091)
(1827, 1091)
(1826, 1092)
(1825, 1092)
(1826, 1093)
(1825, 1093)
(1824, 1093)
(1823, 1093)
(1822, 1093)
(1821, 1093)
(1820, 1094)
(1819, 1095)
(1818, 1096)
(1817, 1095)
(1816, 1095)
(1815, 1095)
(1814, 1095)
(1813, 1095)
(1812, 1095)
(1811, 1095)
(1810, 1095)
(1809, 1095)
(1808, 1095)
(1807, 1095)
(1806, 1095)
(1805, 1095)
(1804, 1095)
(1804, 1096)
(1803, 1096)
(1802, 1096)
(1802, 1097)
(1801, 1097)
(1800, 1098)
(1799, 1098)
(1798, 1098)
(1797, 1099)
(1796, 1099)
(1795, 1100)
(1794, 1101)
(1793, 1102)
(1792, 1103)
(1791, 1104)
(1790, 1104)
(1789, 1105)
(1788, 1106)
(1787, 1107)
(1786, 1107)
(1785, 1107)
(1784, 1107)
(1783, 1107)
(1782, 1108)
(1781, 1108)
(1780, 1108)
(1779, 1108)
(1778, 1109)
(1777, 1110)
(1776, 1111)
(1775, 1112)
(1774, 1113)
(1773, 1113)
(1772, 1113)
(1771, 1113)
(1770, 1114)
(1769, 1115)
(1768, 1115)
(1767, 1115)
(1766, 1115)
(1765, 1116)
(1764, 1117)
(1763, 1117)
(1762, 1117)
(1761, 1117)
(1760, 1117)
(1759, 1117)
(1758, 1117)
(1759, 1118)
(1758, 1118)
(1757, 1118)
(1758, 1119)
(1757, 1119)
(1756, 1119)
(1755, 1120)
(1754, 1121)
(1753, 1121)
(1752, 1121)
(1751, 1122)
(1750, 1123)
(1749, 1123)
(1748, 1123)
(1747, 1123)
(1746, 1123)
(1745, 1123)
(1744, 1124)
(1743, 1125)
(1742, 1126)
(1741, 1127)
(1740, 1128)
(1739, 1129)
(1738, 1130)
(1737, 1130)
(1736, 1130)
(1735, 1131)
(1734, 1131)
(1733, 1131)
(1732, 1131)
(1731, 1131)
(1730, 1131)
(1729, 1132)
(1728, 1133)
(1727, 1133)
(1726, 1134)
(1725, 1134)
(1724, 1135)
(1723, 1135)
(1722, 1135)
(1721, 1135)
(1720, 1135)
(1719, 1136)
(1718, 1136)
(1717, 1137)
(1716, 1138)
(1715, 1139)
(1714, 1140)
(1713, 1140)
(1712, 1141)
(1711, 1141)
(1710, 1141)
(1709, 1141)
(1708, 1141)
(1707, 1142)
(1706, 1142)
(1705, 1143)
(1704, 1143)
(1703, 1143)
(1702, 1143)
(1702, 1144)
(1701, 1144)
(1701, 1145)
(1700, 1145)
(1699, 1145)
(1700, 1146)
(1699, 1146)
(1698, 1146)
(1697, 1146)
(1696, 1147)
(1695, 1147)
(1694, 1148)
(1693, 1149)
(1692, 1150)
(1691, 1151)
(1690, 1151)
(1689, 1152)
(1688, 1153)
(1687, 1154)
(1686, 1155)
(1685, 1156)
(1684, 1157)
(1683, 1158)
(1682, 1159)
(1681, 1160)
(1680, 1161)
(1679, 1162)
(1678, 1162)
(1677, 1162)
(1677, 1163)
(1676, 1163)
(1675, 1163)
(1674, 1164)
(1673, 1165)
(1672, 1165)
(1671, 1165)
(1670, 1165)
(1669, 1165)
(1668, 1165)
(1667, 1165)
(1666, 1165)
(1665, 1165)
(1664, 1165)
(1663, 1165)
(1664, 1166)
(1663, 1166)
(1662, 1166)
(1663, 1167)
(1662, 1167)
(1661, 1167)
(1660, 1168)
(1659, 1168)
(1658, 1169)
(1657, 1169)
(1656, 1169)
(1655, 1170)
(1654, 1170)
(1653, 1170)
(1652, 1170)
(1651, 1170)
(1650, 1170)
(1649, 1170)
(1648, 1170)
(1647, 1171)
(1646, 1171)
(1646, 1172)
(1645, 1172)
(1645, 1173)
(1644, 1173)
(1643, 1174)
(1642, 1174)
(1641, 1175)
(1640, 1176)
(1639, 1176)
(1638, 1176)
(1637, 1176)
(1636, 1176)
(1635, 1176)
(1634, 1176)
(1633, 1177)
(1632, 1177)
(1631, 1177)
(1632, 1178)
(1631, 1178)
(1630, 1178)
(1629, 1178)
(1628, 1179)
(1627, 1180)
(1626, 1181)
(1625, 1182)
(1624, 1183)
(1623, 1184)
(1622, 1184)
(1621, 1185)
(1620, 1186)
(1619, 1187)
(1618, 1188)
(1617, 1189)
(1616, 1189)
(1615, 1190)
(1614, 1190)
(1613, 1191)
(1612, 1191)
(1612, 1192)
(1611, 1193)
(1610, 1193)
(1609, 1193)
(1608, 1194)
(1607, 1194)
(1606, 1195)
(1605, 1196)
(1604, 1197)
(1603, 1198)
(1602, 1199)
(1601, 1200)
(1600, 1201)
(1599, 1202)
(1598, 1203)
(1597, 1204)
(1597, 1205)
(1596, 1206)
(1595, 1207)
(1594, 1207)
(1593, 1207)
(1592, 1208)
(1591, 1209)
(1590, 1210)
(1589, 1211)
(1588, 1212)
(1587, 1213)
(1586, 1213)
(1585, 1214)
(1584, 1215)
(1583, 1216)
(1582, 1216)
(1581, 1217)
(1580, 1218)
(1579, 1218)
(1578, 1218)
(1577, 1219)
(1576, 1220)
(1575, 1221)
(1574, 1222)
(1573, 1223)
(1572, 1224)
(1571, 1225)
(1570, 1225)
(1569, 1226)
(1568, 1227)
(1567, 1228)
(1566, 1228)
(1565, 1229)
(1564, 1229)
(1563, 1229)
(1562, 1230)
(1563, 1230)
(1563, 1231)
(1563, 1232)
(1562, 1233)
(1563, 1233)
(1563, 1234)
(1563, 1235)
(1563, 1236)
(1563, 1237)
(1562, 1238)
(1562, 1239)
(1562, 1240)
(1562, 1241)
(1562, 1242)
(1561, 1243)
(1560, 1244)
(1560, 1245)
(1560, 1246)
(1560, 1247)
(1561, 1246)
(1561, 1247)
(1561, 1248)
(1561, 1249)
(1561, 1250)
(1561, 1251)
(1561, 1252)
(1561, 1253)
(1561, 1254)
(1561, 1255)
(1561, 1256)
(1561, 1257)
(1561, 1258)
(1562, 1257)
(1562, 1258)
(1562, 1259)
(1562, 1260)
(1562, 1261)
(1562, 1262)
(1562, 1263)
(1562, 1264)
(1561, 1265)
(1562, 1266)
(1561, 1266)
(1560, 1267)
(1560, 1268)
(1560, 1269)
(1560, 1270)
(1560, 1271)
(1560, 1272)
(1560, 1273)
(1560, 1274)
(1560, 1275)
(1560, 1276)
(1560, 1277)
(1560, 1278)
(1560, 1279)
(1561, 1278)
(1561, 1279)
(1561, 1280)
(1562, 1279)
(1563, 1278)
(1563, 1279)
(1563, 1280)
(1563, 1281)
(1563, 1282)
(1563, 1283)
(1563, 1284)
(1564, 1283)
(1564, 1284)
(1565, 1283)
(1565, 1284)
(1566, 1283)
(1566, 1284)
(1567, 1283)
(1567, 1282)
(1567, 1281)
(1568, 1280)
(1568, 1281)
(1569, 1280)
(1569, 1281)
(1569, 1282)
(1570, 1281)
(1570, 1282)
(1571, 1281)
(1571, 1282)
(1572, 1281)
(1572, 1282)
(1572, 1283)
(1573, 1282)
(1573, 1283)
(1573, 1284)
(1574, 1283)
(1574, 1284)
(1574, 1285)
(1574, 1286)
(1574, 1287)
(1574, 1288)
(1575, 1288)
(1575, 1287)
(1576, 1286)
(1576, 1285)
(1577, 1284)
(1577, 1285)
(1578, 1285)
(1578, 1286)
(1579, 1286)
(1579, 1287)
(1580, 1286)
(1580, 1287)
(1581, 1287)
(1582, 1288)
(1581, 1288)
(1582, 1289)
(1582, 1290)
(1583, 1290)
(1584, 1291)
(1584, 1292)
(1584, 1293)
(1584, 1294)
(1585, 1293)
(1585, 1292)
(1586, 1293)
(1587, 1294)
(1587, 1295)
(1587, 1296)
(1587, 1297)
(1588, 1296)
(1588, 1297)
(1588, 1298)
(1589, 1297)
(1589, 1298)
(1589, 1299)
(1590, 1298)
(1590, 1299)
(1590, 1300)
(1590, 1301)
(1591, 1300)
(1591, 1301)
(1591, 1302)
(1591, 1303)
(1592, 1303)
(1592, 1302)
(1593, 1301)
(1593, 1302)
(1594, 1301)
(1594, 1302)
(1594, 1303)
(1595, 1302)
(1595, 1303)
(1595, 1304)
(1596, 1303)
(1596, 1304)
(1596, 1305)
(1597, 1304)
(1597, 1305)
(1597, 1306)
(1598, 1305)
(1598, 1306)
(1598, 1307)
(1599, 1306)
(1599, 1307)
(1599, 1308)
(1600, 1307)
(1600, 1308)
(1600, 1309)
(1600, 1310)
(1601, 1309)
(1601, 1310)
(1602, 1309)
(1603, 1309)
(1603, 1310)
(1604, 1310)
(1605, 1310)
(1605, 1311)
(1605, 1312)
(1605, 1313)
(1605, 1314)
(1606, 1313)
(1606, 1312)
(1607, 1312)
(1607, 1313)
(1607, 1314)
(1607, 1315)
(1607, 1316)
(1607, 1317)
(1608, 1316)
(1608, 1317)
(1609, 1316)
(1609, 1317)
(1609, 1318)
(1610, 1317)
(1610, 1318)
(1611, 1319)
(1611, 1318)
(1611, 1317)
(1612, 1317)
(1612, 1316)
(1613, 1316)
(1613, 1317)
(1614, 1317)
(1614, 1318)
(1615, 1317)
(1615, 1318)
(1616, 1318)
(1616, 1319)
(1617, 1319)
(1617, 1320)
(1618, 1320)
(1618, 1321)
(1619, 1321)
(1619, 1322)
(1620, 1322)
(1620, 1323)
(1620, 1324)
(1621, 1323)
(1621, 1324)
(1621, 1325)
(1622, 1324)
(1622, 1325)
(1622, 1326)
(1623, 1325)
(1623, 1326)
(1624, 1325)
(1624, 1326)
(1625, 1325)
(1625, 1326)
(1626, 1325)
(1626, 1326)
(1627, 1326)
(1627, 1327)
(1628, 1326)
(1628, 1327)
(1629, 1327)
(1629, 1328)
(1630, 1328)
(1630, 1329)
(1631, 1329)
(1631, 1330)
(1632, 1329)
(1632, 1330)
(1632, 1331)
(1633, 1330)
(1633, 1329)
(1634, 1328)
(1634, 1327)
(1635, 1326)
(1635, 1327)
(1635, 1328)
(1635, 1329)
(1635, 1330)
(1635, 1331)
(1635, 1332)
(1635, 1333)
(1635, 1334)
(1636, 1333)
(1636, 1332)
(1637, 1331)
(1637, 1330)
(1638, 1330)
(1638, 1329)
(1639, 1328)
(1639, 1329)
(1640, 1329)
(1640, 1330)
(1641, 1330)
(1641, 1331)
(1641, 1332)
(1641, 1333)
(1641, 1334)
(1641, 1335)
(1641, 1336)
(1642, 1335)
(1643, 1334)
(1643, 1333)
(1644, 1332)
(1644, 1333)
(1644, 1334)
(1645, 1333)
(1646, 1332)
(1646, 1333)
(1646, 1334)
(1647, 1333)
(1647, 1334)
(1647, 1335)
(1648, 1334)
(1648, 1335)
(1648, 1336)
(1649, 1335)
(1649, 1336)
(1649, 1337)
(1650, 1336)
(1650, 1337)
(1650, 1338)
(1650, 1339)
(1650, 1340)
(1650, 1341)
(1651, 1340)
(1651, 1341)
(1651, 1342)
(1652, 1341)
(1652, 1340)
(1653, 1339)
(1653, 1340)
(1653, 1341)
(1653, 1342)
(1653, 1343)
(1653, 1344)
(1653, 1345)
(1654, 1345)
(1654, 1344)
(1655, 1343)
(1655, 1344)
(1655, 1345)
(1656, 1344)
(1656, 1343)
(1657, 1342)
(1657, 1343)
(1657, 1344)
(1658, 1343)
(1658, 1344)
(1658, 1345)
(1659, 1344)
(1659, 1345)
(1659, 1346)
(1660, 1345)
(1661, 1344)
(1661, 1343)
(1662, 1344)
(1663, 1345)
(1664, 1346)
(1664, 1347)
(1664, 1348)
(1665, 1347)
(1665, 1348)
(1665, 1349)
(1665, 1350)
(1665, 1351)
(1666, 1350)
(1666, 1351)
(1666, 1352)
(1666, 1353)
(1666, 1354)
(1667, 1353)
(1667, 1354)
(1668, 1353)
(1668, 1354)
(1669, 1353)
(1669, 1354)
(1670, 1353)
(1670, 1354)
(1670, 1355)
(1671, 1354)
(1671, 1353)
(1672, 1353)
(1672, 1354)
(1673, 1354)
(1673, 1355)
(1674, 1355)
(1674, 1356)
(1674, 1357)
(1674, 1358)
(1675, 1357)
(1675, 1358)
(1675, 1359)
(1675, 1360)
(1675, 1361)
(1675, 1362)
(1675, 1363)
(1675, 1364)
(1676, 1363)
(1676, 1364)
(1677, 1363)
(1677, 1364)
(1678, 1363)
(1678, 1362)
(1679, 1361)
(1679, 1362)
(1679, 1363)
(1680, 1362)
(1680, 1363)
(1680, 1364)
(1681, 1363)
(1681, 1364)
(1682, 1363)
(1682, 1364)
(1682, 1365)
(1683, 1364)
(1683, 1365)
(1683, 1366)
(1683, 1367)
(1683, 1368)
(1684, 1367)
(1684, 1368)
(1684, 1369)
(1685, 1368)
(1685, 1369)
(1685, 1370)
(1685, 1371)
(1686, 1370)
(1686, 1371)
(1686, 1372)
(1686, 1373)
(1687, 1372)
(1687, 1373)
(1687, 1374)
(1687, 1375)
(1687, 1376)
(1687, 1377)
(1688, 1376)
(1688, 1377)
(1689, 1377)
(1689, 1376)
(1690, 1375)
(1691, 1374)
(1692, 1373)
(1692, 1374)
(1692, 1375)
(1693, 1374)
(1693, 1375)
(1694, 1375)
(1694, 1376)
(1695, 1376)
(1695, 1377)
(1695, 1378)
(1696, 1377)
(1696, 1378)
(1696, 1379)
(1697, 1378)
(1697, 1379)
(1698, 1379)
(1698, 1380)
(1699, 1380)
(1699, 1381)
(1699, 1382)
(1700, 1381)
(1700, 1382)
(1700, 1383)
(1701, 1382)
(1701, 1383)
(1701, 1384)
(1701, 1385)
(1701, 1386)
(1702, 1385)
(1702, 1386)
(1702, 1387)
(1703, 1386)
(1703, 1387)
(1704, 1386)
(1704, 1387)
(1704, 1388)
(1705, 1387)
(1705, 1388)
(1705, 1389)
(1706, 1388)
(1706, 1389)
(1706, 1390)
(1707, 1389)
(1707, 1390)
(1707, 1391)
(1708, 1390)
(1708, 1391)
(1709, 1390)
(1709, 1391)
(1710, 1390)
(1710, 1391)
(1711, 1390)
(1711, 1391)
(1711, 1392)
(1712, 1391)
(1712, 1392)
(1713, 1392)
(1713, 1393)
(1713, 1394)
(1713, 1395)
(1714, 1394)
(1714, 1395)
(1715, 1395)
(1715, 1394)
(1716, 1394)
(1716, 1395)
(1717, 1396)
(1717, 1395)
(1718, 1396)
(1719, 1396)
(1719, 1397)
(1720, 1397)
(1720, 1398)
(1721, 1397)
(1721, 1398)
(1721, 1399)
(1722, 1398)
(1722, 1399)
(1722, 1400)
(1723, 1399)
(1724, 1399)
(1724, 1400)
(1724, 1401)
(1724, 1402)
(1725, 1401)
(1725, 1402)
(1726, 1401)
(1726, 1402)
(1726, 1403)
(1727, 1402)
(1727, 1403)
(1727, 1404)
(1728, 1403)
(1728, 1404)
(1728, 1405)
(1729, 1404)
(1729, 1405)
(1730, 1405)
(1730, 1406)
(1731, 1406)
(1731, 1407)
(1732, 1407)
(1732, 1408)
(1732, 1409)
(1733, 1408)
(1733, 1409)
(1733, 1410)
(1734, 1409)
(1734, 1410)
(1735, 1409)
(1735, 1410)
(1735, 1411)
(1736, 1410)
(1736, 1411)
(1736, 1412)
(1737, 1411)
(1737, 1412)
(1737, 1413)
(1738, 1414)
(1738, 1413)
(1738, 1412)
(1739, 1412)
(1739, 1413)
(1740, 1413)
(1740, 1414)
(1740, 1415)
(1740, 1416)
(1741, 1415)
(1741, 1416)
(1742, 1415)
(1742, 1416)
(1743, 1415)
(1743, 1416)
(1743, 1417)
(1744, 1416)
(1744, 1415)
(1744, 1414)
(1744, 1413)
(1745, 1413)
(1745, 1414)
(1746, 1414)
(1746, 1415)
(1747, 1415)
(1747, 1416)
(1748, 1416)
(1748, 1417)
(1748, 1418)
(1748, 1419)
(1749, 1418)
(1749, 1419)
(1750, 1418)
(1750, 1419)
(1751, 1419)
(1751, 1420)
(1752, 1420)
(1752, 1421)
(1753, 1421)
(1753, 1422)
(1753, 1423)
(1753, 1424)
(1753, 1425)
(1754, 1424)
(1754, 1425)
(1755, 1424)
(1755, 1425)
(1755, 1426)
(1756, 1425)
(1756, 1426)
(1756, 1427)
(1757, 1426)
(1757, 1427)
(1757, 1428)
(1758, 1427)
(1758, 1428)
(1759, 1427)
(1759, 1428)
(1759, 1429)
(1759, 1430)
(1759, 1431)
(1760, 1430)
(1760, 1431)
(1760, 1432)
(1761, 1432)
(1761, 1433)
(1761, 1434)
(1761, 1435)
(1761, 1436)
(1761, 1437)
(1761, 1438)
(1761, 1439)
(1761, 1440)
(1761, 1441)
(1762, 1440)
(1762, 1441)
(1762, 1442)
(1762, 1443)
(1762, 1444)
(1763, 1443)
(1763, 1442)
(1764, 1441)
(1765, 1440)
(1765, 1441)
(1765, 1442)
(1766, 1441)
(1766, 1442)
(1766, 1443)
(1766, 1444)
(1767, 1443)
(1768, 1444)
(1768, 1443)
(1768, 1442)
(1769, 1443)
(1769, 1442)
(1769, 1441)
(1770, 1441)
(1770, 1442)
