(7443, 6781)
(7443, 6782)
(7444, 6781)
(7445, 6780)
(7445, 6779)
(7444, 6778)
(7444, 6777)
(7444, 6776)
(7443, 6775)
(7442, 6775)
(7441, 6774)
(7440, 6773)
(7439, 6772)
(7438, 6771)
(7437, 6771)
(7436, 6771)
(7435, 6770)
(7434, 6769)
(7433, 6769)
(7434, 6768)
(7433, 6767)
(7432, 6766)
(7431, 6765)
(7430, 6764)
(7429, 6763)
(7430, 6762)
(7430, 6763)
(7431, 6762)
(7431, 6761)
(7430, 6761)
(7431, 6760)
(7430, 6759)
(7430, 6758)
(7431, 6757)
(7430, 6756)
(7429, 6755)
(7428, 6754)
(7427, 6753)
(7426, 6752)
(7426, 6751)
(7426, 6750)
(7426, 6749)
(7425, 6748)
(7424, 6747)
(7425, 6746)
(7425, 6745)
(7424, 6744)
(7423, 6743)
(7423, 6742)
(7424, 6741)
(7423, 6740)
(7422, 6739)
(7421, 6739)
(7420, 6739)
(7419, 6740)
(7418, 6740)
(7417, 6739)
(7416, 6738)
(7415, 6738)
(7414, 6737)
(7413, 6736)
(7412, 6735)
(7411, 6734)
(7410, 6733)
(7409, 6732)
(7408, 6731)
(7407, 6730)
(7406, 6729)
(7406, 6728)
(7407, 6727)
(7407, 6728)
(7408, 6727)
(7409, 6727)
(7410, 6726)
(7410, 6725)
(7410, 6724)
(7410, 6723)
(7410, 6722)
(7409, 6721)
(7408, 6720)
(7407, 6719)
(7406, 6718)
(7405, 6717)
(7404, 6716)
(7403, 6716)
(7402, 6716)
(7401, 6715)
(7400, 6714)
(7399, 6713)
(7398, 6712)
(7397, 6711)
(7396, 6710)
(7395, 6710)
(7394, 6709)
(7393, 6710)
(7392, 6711)
(7391, 6711)
(7390, 6711)
(7389, 6710)
(7388, 6709)
(7387, 6708)
(7386, 6707)
(7385, 6707)
(7384, 6706)
(7383, 6706)
(7382, 6705)
(7381, 6704)
(7380, 6704)
(7379, 6703)
(7379, 6702)
(7378, 6701)
(7377, 6700)
(7376, 6700)
(7375, 6700)
(7374, 6699)
(7375, 6698)
(7375, 6697)
(7375, 6696)
(7375, 6695)
(7376, 6694)
(7375, 6693)
(7374, 6693)
(7375, 6692)
(7374, 6691)
(7373, 6690)
(7372, 6689)
(7371, 6688)
(7370, 6688)
(7371, 6687)
(7371, 6686)
(7370, 6685)
(7369, 6684)
(7368, 6683)
(7367, 6683)
(7366, 6682)
(7365, 6681)
(7364, 6680)
(7363, 6679)
(7362, 6679)
(7361, 6678)
(7360, 6678)
(7359, 6677)
(7358, 6676)
(7357, 6675)
(7356, 6675)
(7357, 6674)
(7357, 6673)
(7357, 6672)
(7356, 6671)
(7355, 6670)
(7356, 6670)
(7357, 6669)
(7356, 6668)
(7355, 6667)
(7354, 6666)
(7353, 6665)
(7352, 6664)
(7351, 6663)
(7351, 6662)
(7351, 6661)
(7351, 6660)
(7351, 6659)
(7351, 6658)
(7352, 6657)
(7352, 6656)
(7353, 6655)
(7353, 6654)
(7354, 6653)
(7353, 6652)
(7352, 6652)
(7351, 6652)
(7350, 6651)
(7350, 6650)
(7349, 6649)
(7348, 6648)
(7347, 6647)
(7346, 6646)
(7345, 6645)
(7344, 6644)
(7343, 6643)
(7343, 6642)
(7342, 6641)
(7341, 6640)
(7342, 6639)
(7343, 6638)
(7343, 6637)
(7343, 6636)
(7342, 6635)
(7343, 6634)
(7342, 6633)
(7342, 6632)
(7341, 6631)
(7340, 6630)
(7339, 6629)
(7338, 6628)
(7337, 6627)
(7337, 6626)
(7336, 6625)
(7337, 6624)
(7337, 6623)
(7336, 6622)
(7335, 6621)
(7334, 6620)
(7333, 6619)
(7332, 6618)
(7331, 6618)
(7332, 6617)
(7331, 6616)
(7331, 6615)
(7331, 6614)
(7331, 6613)
(7330, 6612)
(7329, 6612)
(7328, 6612)
(7329, 6611)
(7328, 6610)
(7327, 6609)
(7326, 6609)
(7325, 6608)
(7324, 6607)
(7324, 6606)
(7325, 6605)
(7325, 6604)
(7325, 6603)
(7326, 6603)
(7327, 6602)
(7327, 6601)
(7327, 6600)
(7328, 6599)
(7328, 6598)
(7328, 6597)
(7329, 6598)
(7330, 6598)
(7330, 6597)
(7331, 6598)
(7332, 6597)
(7332, 6596)
(7332, 6595)
(7333, 6595)
(7334, 6594)
(7334, 6595)
(7335, 6595)
(7335, 6596)
(7336, 6596)
(7336, 6595)
(7337, 6595)
(7338, 6594)
(7338, 6593)
(7338, 6592)
(7339, 6591)
(7339, 6590)
(7340, 6589)
(7340, 6588)
(7340, 6587)
(7340, 6586)
(7341, 6587)
(7342, 6587)
(7343, 6586)
(7343, 6585)
(7343, 6584)
(7342, 6583)
(7341, 6582)
(7342, 6581)
(7342, 6580)
(7343, 6579)
(7343, 6578)
(7342, 6577)
(7342, 6576)
(7342, 6575)
(7341, 6574)
(7341, 6573)
(7340, 6573)
(7341, 6572)
(7340, 6572)
(7341, 6571)
(7342, 6570)
(7343, 6569)
(7344, 6568)
(7344, 6567)
(7345, 6566)
(7346, 6566)
(7346, 6565)
(7347, 6565)
(7348, 6565)
(7349, 6564)
(7350, 6563)
(7351, 6562)
(7350, 6561)
(7350, 6560)
(7351, 6559)
(7352, 6558)
(7352, 6557)
(7353, 6556)
(7353, 6555)
(7353, 6554)
(7354, 6553)
(7355, 6552)
(7354, 6551)
(7355, 6550)
(7356, 6549)
(7357, 6548)
(7357, 6547)
(7357, 6546)
(7357, 6545)
(7357, 6544)
(7356, 6543)
(7355, 6542)
(7354, 6541)
(7353, 6541)
(7352, 6540)
(7352, 6541)
(7353, 6540)
(7354, 6539)
(7355, 6538)
(7356, 6537)
(7356, 6536)
(7356, 6535)
(7355, 6534)
(7354, 6534)
(7353, 6534)
(7352, 6534)
(7352, 6533)
(7352, 6532)
(7353, 6531)
(7354, 6530)
(7354, 6529)
(7354, 6528)
(7354, 6527)
(7354, 6526)
(7355, 6525)
(7355, 6524)
(7355, 6523)
(7355, 6522)
(7356, 6521)
(7357, 6520)
(7357, 6519)
(7357, 6518)
(7358, 6518)
(7359, 6517)
(7359, 6516)
(7359, 6515)
(7359, 6514)
(7360, 6513)
(7360, 6512)
(7360, 6511)
(7360, 6510)
(7360, 6509)
(7361, 6508)
(7361, 6507)
(7361, 6506)
(7361, 6505)
(7362, 6504)
(7363, 6503)
(7364, 6502)
(7365, 6501)
(7366, 6500)
(7366, 6499)
(7366, 6498)
(7367, 6498)
(7367, 6497)
(7367, 6496)
(7368, 6495)
(7368, 6496)
(7369, 6495)
(7369, 6496)
(7370, 6495)
(7371, 6494)
(7371, 6495)
(7372, 6495)
(7373, 6495)
(7374, 6495)
(7374, 6494)
(7375, 6494)
(7376, 6493)
(7376, 6492)
(7377, 6492)
(7378, 6491)
(7379, 6490)
(7380, 6489)
(7379, 6489)
(7378, 6488)
(7378, 6487)
(7379, 6486)
(7380, 6485)
(7381, 6484)
(7381, 6483)
(7382, 6483)
(7383, 6482)
(7384, 6481)
(7384, 6480)
(7385, 6479)
(7385, 6478)
(7386, 6477)
(7385, 6477)
(7386, 6476)
(7385, 6475)
(7384, 6474)
(7383, 6473)
(7383, 6472)
(7382, 6471)
(7383, 6471)
(7384, 6470)
(7384, 6469)
(7385, 6468)
(7385, 6469)
(7386, 6469)
(7387, 6469)
(7388, 6468)
(7389, 6467)
(7388, 6466)
(7387, 6465)
(7386, 6464)
(7387, 6463)
(7387, 6464)
(7388, 6463)
(7389, 6462)
(7390, 6461)
(7389, 6461)
(7390, 6460)
(7390, 6459)
(7389, 6458)
(7388, 6457)
(7387, 6456)
(7388, 6455)
(7389, 6455)
(7390, 6454)
(7390, 6453)
(7390, 6452)
(7390, 6451)
(7389, 6451)
(7390, 6450)
(7389, 6449)
(7388, 6448)
(7388, 6447)
(7387, 6446)
(7386, 6445)
(7386, 6444)
(7385, 6443)
(7385, 6442)
(7384, 6441)
(7383, 6440)
(7383, 6439)
(7382, 6438)
(7382, 6437)
(7381, 6436)
(7380, 6435)
(7380, 6434)
(7379, 6433)
(7379, 6432)
(7379, 6431)
(7379, 6430)
(7380, 6429)
(7381, 6430)
(7382, 6429)
(7383, 6428)
(7383, 6427)
(7384, 6426)
(7385, 6427)
(7386, 6426)
(7386, 6425)
(7387, 6424)
(7387, 6423)
(7387, 6422)
(7387, 6421)
(7386, 6420)
(7385, 6419)
(7386, 6419)
(7387, 6419)
(7387, 6418)
(7388, 6418)
(7389, 6418)
(7390, 6417)
(7391, 6416)
(7391, 6415)
(7391, 6414)
(7392, 6413)
(7392, 6412)
(7392, 6411)
(7392, 6410)
(7393, 6409)
(7393, 6408)
(7394, 6407)
(7394, 6406)
(7395, 6406)
(7395, 6405)
(7396, 6405)
(7396, 6404)
(7397, 6403)
(7397, 6404)
(7398, 6403)
(7398, 6404)
(7399, 6404)
(7400, 6404)
(7401, 6404)
(7402, 6403)
(7403, 6402)
(7402, 6402)
(7403, 6401)
(7403, 6400)
(7402, 6400)
(7401, 6400)
(7402, 6399)
(7401, 6399)
(7400, 6399)
(7401, 6398)
(7400, 6398)
(7400, 6397)
(7399, 6397)
(7399, 6396)
(7398, 6396)
(7397, 6396)
(7396, 6396)
(7395, 6395)
(7394, 6395)
(7395, 6394)
(7396, 6393)
(7397, 6392)
(7396, 6392)
(7395, 6391)
(7396, 6390)
(7396, 6389)
(7396, 6388)
(7397, 6387)
(7397, 6388)
(7397, 6389)
(7398, 6388)
(7399, 6387)
(7399, 6386)
(7399, 6385)
(7400, 6384)
(7400, 6385)
(7401, 6384)
(7401, 6385)
(7402, 6384)
(7403, 6383)
(7402, 6382)
(7402, 6381)
(7401, 6380)
(7401, 6379)
(7401, 6378)
(7402, 6378)
(7403, 6378)
(7404, 6377)
(7405, 6376)
(7406, 6376)
(7407, 6376)
(7408, 6375)
(7407, 6374)
(7407, 6373)
(7406, 6372)
(7406, 6371)
(7407, 6371)
(7408, 6370)
(7408, 6369)
(7407, 6369)
(7406, 6368)
(7407, 6367)
(7407, 6366)
(7406, 6365)
(7407, 6364)
(7408, 6363)
(7407, 6362)
(7406, 6361)
(7407, 6360)
(7408, 6359)
(7408, 6358)
(7407, 6357)
(7408, 6356)
(7407, 6356)
(7408, 6355)
(7409, 6354)
(7409, 6353)
(7410, 6352)
(7411, 6351)
(7410, 6350)
(7410, 6349)
(7411, 6348)
(7410, 6347)
(7410, 6346)
(7410, 6345)
(7411, 6344)
(7411, 6343)
(7411, 6342)
(7412, 6341)
(7413, 6340)
(7413, 6339)
(7413, 6338)
(7413, 6337)
(7413, 6336)
(7414, 6335)
(7414, 6336)
(7415, 6335)
(7415, 6336)
(7416, 6335)
(7416, 6334)
(7417, 6333)
(7418, 6332)
(7418, 6333)
(7418, 6334)
(7419, 6333)
(7419, 6332)
(7419, 6331)
(7420, 6332)
(7420, 6331)
(7420, 6330)
(7420, 6329)
(7421, 6330)
(7421, 6329)
(7422, 6330)
(7423, 6329)
(7424, 6328)
(7423, 6328)
(7422, 6327)
(7423, 6326)
(7422, 6325)
(7421, 6324)
(7420, 6323)
(7421, 6322)
(7420, 6321)
(7421, 6320)
(7421, 6319)
(7421, 6318)
(7421, 6317)
(7420, 6316)
(7420, 6315)
(7420, 6314)
(7420, 6313)
(7420, 6312)
(7420, 6311)
(7420, 6310)
(7421, 6310)
(7422, 6311)
(7423, 6311)
(7424, 6310)
(7424, 6309)
(7425, 6308)
(7424, 6307)
(7425, 6306)
(7425, 6305)
(7424, 6304)
(7424, 6303)
(7424, 6302)
(7425, 6301)
(7425, 6300)
(7425, 6299)
(7425, 6298)
(7426, 6297)
(7426, 6296)
(7427, 6295)
(7428, 6296)
(7429, 6296)
(7430, 6295)
(7430, 6296)
(7430, 6297)
(7431, 6296)
(7431, 6295)
(7432, 6294)
(7433, 6294)
(7434, 6293)
(7435, 6292)
(7435, 6291)
(7435, 6290)
(7434, 6289)
(7435, 6288)
(7435, 6289)
(7436, 6288)
(7437, 6287)
(7438, 6286)
(7437, 6286)
(7438, 6285)
(7438, 6284)
(7438, 6283)
(7438, 6282)
(7438, 6281)
(7438, 6280)
(7438, 6279)
(7438, 6278)
(7439, 6277)
(7439, 6276)
(7439, 6275)
(7440, 6274)
(7439, 6273)
(7440, 6272)
(7440, 6273)
(7441, 6272)
(7442, 6271)
(7443, 6270)
(7444, 6269)
(7445, 6268)
(7444, 6267)
(7443, 6266)
(7443, 6265)
(7443, 6264)
(7444, 6264)
(7445, 6263)
(7445, 6262)
(7446, 6261)
(7447, 6260)
(7448, 6259)
(7448, 6258)
(7448, 6257)
(7449, 6258)
(7450, 6258)
(7450, 6257)
(7451, 6256)
(7451, 6257)
(7452, 6256)
(7452, 6257)
(7453, 6257)
(7454, 6258)
(7455, 6257)
(7456, 6256)
(7457, 6256)
(7458, 6255)
(7458, 6254)
(7459, 6253)
(7460, 6252)
(7460, 6251)
(7461, 6250)
(7460, 6249)
(7460, 6248)
(7460, 6247)
(7460, 6246)
(7461, 6245)
(7462, 6244)
(7462, 6243)
(7461, 6242)
(7460, 6241)
(7459, 6240)
(7458, 6239)
(7457, 6238)
(7456, 6237)
(7455, 6236)
(7455, 6235)
(7455, 6234)
(7455, 6233)
(7456, 6232)
(7456, 6231)
(7456, 6230)
(7455, 6229)
(7454, 6228)
(7453, 6227)
(7452, 6226)
(7452, 6225)
(7451, 6224)
(7451, 6225)
(7452, 6224)
(7453, 6223)
(7453, 6222)
(7453, 6221)
(7452, 6220)
(7452, 6219)
(7451, 6218)
(7452, 6217)
(7452, 6216)
(7452, 6215)
(7452, 6214)
(7452, 6213)
(7452, 6212)
(7453, 6213)
(7454, 6214)
(7455, 6214)
(7456, 6213)
(7457, 6212)
(7457, 6211)
(7457, 6210)
(7457, 6209)
(7457, 6208)
(7458, 6207)
(7459, 6208)
(7460, 6207)
(7460, 6206)
(7459, 6205)
(7458, 6204)
(7459, 6204)
(7460, 6203)
(7460, 6202)
(7459, 6201)
(7459, 6200)
(7460, 6200)
(7461, 6199)
(7461, 6198)
(7462, 6197)
(7462, 6196)
(7462, 6195)
(7463, 6195)
(7464, 6194)
(7464, 6193)
(7463, 6192)
(7462, 6191)
(7463, 6190)
(7464, 6189)
(7463, 6188)
(7462, 6187)
(7462, 6186)
(7462, 6185)
(7462, 6184)
(7463, 6184)
(7463, 6183)
(7464, 6183)
(7465, 6184)
(7466, 6184)
(7467, 6183)
(7467, 6182)
(7467, 6181)
(7468, 6180)
(7469, 6179)
(7470, 6178)
(7471, 6177)
(7470, 6177)
(7471, 6176)
(7470, 6175)
(7471, 6174)
(7470, 6173)
(7469, 6172)
(7469, 6171)
(7470, 6171)
(7471, 6170)
(7470, 6169)
(7470, 6168)
(7470, 6167)
(7470, 6166)
(7471, 6167)
(7472, 6166)
(7472, 6165)
(7472, 6164)
(7472, 6163)
(7473, 6162)
(7473, 6161)
(7472, 6160)
(7471, 6159)
(7472, 6158)
(7472, 6157)
(7472, 6156)
(7473, 6157)
(7473, 6156)
(7474, 6157)
(7475, 6157)
(7475, 6156)
(7476, 6155)
(7476, 6156)
(7477, 6155)
(7477, 6154)
(7477, 6153)
(7477, 6152)
(7478, 6152)
(7479, 6153)
(7480, 6152)
(7481, 6151)
(7481, 6152)
(7482, 6151)
(7483, 6150)
(7483, 6149)
(7482, 6148)
(7481, 6147)
(7480, 6146)
(7481, 6145)
(7482, 6144)
(7482, 6143)
(7483, 6142)
(7484, 6141)
(7484, 6140)
(7483, 6139)
(7483, 6138)
(7484, 6137)
(7484, 6136)
(7484, 6135)
(7485, 6134)
(7486, 6133)
(7487, 6132)
(7488, 6131)
(7488, 6130)
(7488, 6129)
(7488, 6128)
(7489, 6129)
(7490, 6128)
(7490, 6127)
(7490, 6126)
(7490, 6125)
(7489, 6124)
(7490, 6123)
(7490, 6122)
(7489, 6121)
(7488, 6120)
(7489, 6120)
(7490, 6120)
(7491, 6119)
(7492, 6118)
(7493, 6117)
(7493, 6116)
(7493, 6115)
(7493, 6114)
(7494, 6113)
(7495, 6112)
(7494, 6111)
(7495, 6110)
(7495, 6109)
(7496, 6109)
(7497, 6108)
(7497, 6107)
(7497, 6106)
(7497, 6105)
(7498, 6104)
(7499, 6103)
(7500, 6102)
(7500, 6101)
(7500, 6100)
(7500, 6099)
(7501, 6098)
(7501, 6097)
(7502, 6097)
(7502, 6098)
(7502, 6099)
(7503, 6098)
(7503, 6099)
(7503, 6100)
(7503, 6101)
(7503, 6102)
(7504, 6101)
(7504, 6102)
(7504, 6103)
(7505, 6102)
(7506, 6101)
(7507, 6100)
(7508, 6099)
(7509, 6098)
(7510, 6097)
(7510, 6096)
(7510, 6095)
(7511, 6095)
(7512, 6095)
(7513, 6094)
(7513, 6095)
(7514, 6094)
(7514, 6093)
(7515, 6092)
(7516, 6091)
(7516, 6090)
(7515, 6089)
(7515, 6088)
(7515, 6087)
(7515, 6086)
(7515, 6085)
(7516, 6085)
(7516, 6086)
(7517, 6085)
(7517, 6086)
(7518, 6085)
(7518, 6086)
(7519, 6086)
(7520, 6085)
(7520, 6084)
(7520, 6083)
(7520, 6082)
(7521, 6083)
(7522, 6082)
(7523, 6081)
(7522, 6080)
(7523, 6079)
(7523, 6078)
(7523, 6077)
(7523, 6076)
(7523, 6075)
(7524, 6076)
(7525, 6075)
(7525, 6074)
(7525, 6073)
(7525, 6072)
(7526, 6071)
(7526, 6070)
(7526, 6069)
(7525, 6068)
(7526, 6067)
(7526, 6066)
(7525, 6065)
(7524, 6064)
(7525, 6063)
(7525, 6062)
(7526, 6061)
(7527, 6060)
(7528, 6059)
(7529, 6058)
(7529, 6057)
(7530, 6058)
(7531, 6057)
(7531, 6056)
(7531, 6055)
(7532, 6055)
(7533, 6054)
(7534, 6053)
(7535, 6052)
(7534, 6051)
(7533, 6051)
(7533, 6050)
(7532, 6049)
(7531, 6049)
(7532, 6048)
(7531, 6048)
(7532, 6047)
(7531, 6047)
(7532, 6046)
(7532, 6045)
(7532, 6044)
(7531, 6044)
(7531, 6043)
(7530, 6043)
(7530, 6042)
(7531, 6041)
(7531, 6040)
(7532, 6039)
(7533, 6038)
(7533, 6037)
(7533, 6036)
(7532, 6035)
(7532, 6034)
(7532, 6033)
(7532, 6032)
(7532, 6031)
(7532, 6030)
(7531, 6029)
(7531, 6028)
(7530, 6027)
(7529, 6026)
(7528, 6025)
(7527, 6024)
(7527, 6023)
(7527, 6022)
(7526, 6021)
(7525, 6021)
(7524, 6020)
(7524, 6019)
(7525, 6018)
(7525, 6017)
(7524, 6016)
(7525, 6015)
(7524, 6014)
(7523, 6013)
(7523, 6012)
(7522, 6011)
(7521, 6010)
(7520, 6010)
(7520, 6009)
(7520, 6008)
(7521, 6007)
(7520, 6006)
(7520, 6005)
(7519, 6004)
(7518, 6004)
(7517, 6003)
(7516, 6002)
(7516, 6001)
(7517, 6000)
(7516, 5999)
(7516, 5998)
(7516, 5997)
(7516, 5996)
(7515, 5995)
(7514, 5994)
(7515, 5993)
(7515, 5994)
(7516, 5993)
(7517, 5992)
(7516, 5992)
(7517, 5991)
(7518, 5990)
(7517, 5989)
(7517, 5988)
(7518, 5988)
(7519, 5987)
(7519, 5986)
(7520, 5985)
(7521, 5984)
(7521, 5983)
(7522, 5982)
(7523, 5981)
(7523, 5980)
(7522, 5979)
(7521, 5978)
(7521, 5977)
(7522, 5976)
(7522, 5975)
(7523, 5974)
(7524, 5973)
(7523, 5972)
(7524, 5971)
(7524, 5970)
(7525, 5971)
(7526, 5970)
(7527, 5969)
(7527, 5968)
(7527, 5967)
(7527, 5966)
(7526, 5965)
(7525, 5964)
(7524, 5964)
(7524, 5963)
(7525, 5962)
(7526, 5961)
(7525, 5960)
(7524, 5959)
(7523, 5958)
(7522, 5957)
(7521, 5957)
(7520, 5957)
(7521, 5956)
(7521, 5955)
(7521, 5954)
(7521, 5953)
(7520, 5952)
(7520, 5951)
(7520, 5950)
(7520, 5949)
(7520, 5948)
(7520, 5947)
(7519, 5946)
(7518, 5945)
(7519, 5944)
(7518, 5943)
(7518, 5942)
(7518, 5941)
(7517, 5940)
(7516, 5939)
(7517, 5939)
(7518, 5939)
(7519, 5938)
(7520, 5937)
(7521, 5936)
(7520, 5935)
(7519, 5934)
(7518, 5933)
(7517, 5932)
(7516, 5931)
(7515, 5930)
(7514, 5929)
(7513, 5928)
(7513, 5927)
(7514, 5926)
(7515, 5925)
(7515, 5924)
(7516, 5924)
(7515, 5923)
(7514, 5923)
(7513, 5922)
(7513, 5921)
(7513, 5920)
(7513, 5919)
(7513, 5918)
(7513, 5917)
(7513, 5916)
(7514, 5915)
(7514, 5914)
(7514, 5913)
(7514, 5912)
(7514, 5911)
(7513, 5910)
(7512, 5909)
(7511, 5908)
(7510, 5907)
(7509, 5906)
(7508, 5905)
(7507, 5904)
(7506, 5903)
(7505, 5902)
(7504, 5901)
(7503, 5900)
(7502, 5899)
(7502, 5898)
(7501, 5897)
(7501, 5896)
(7500, 5895)
(7499, 5895)
(7498, 5894)
(7497, 5893)
(7496, 5893)
(7497, 5892)
(7497, 5891)
(7498, 5890)
(7498, 5889)
(7497, 5888)
(7498, 5887)
(7498, 5886)
(7497, 5885)
(7497, 5884)
(7498, 5883)
(7498, 5882)
(7497, 5882)
(7498, 5881)
(7498, 5880)
(7498, 5879)
(7498, 5878)
(7497, 5877)
(7496, 5876)
(7496, 5875)
(7496, 5874)
(7495, 5873)
(7494, 5872)
(7493, 5871)
(7494, 5870)
(7493, 5870)
(7494, 5869)
(7494, 5868)
(7495, 5867)
(7495, 5866)
(7496, 5865)
(7496, 5864)
(7495, 5863)
(7494, 5863)
(7494, 5862)
(7494, 5861)
(7495, 5860)
(7495, 5861)
(7496, 5860)
(7497, 5859)
(7497, 5858)
(7497, 5857)
(7497, 5856)
(7496, 5855)
(7497, 5854)
(7497, 5853)
(7496, 5852)
(7496, 5851)
(7496, 5850)
(7496, 5849)
(7496, 5848)
(7496, 5847)
(7495, 5847)
(7496, 5846)
(7496, 5845)
(7495, 5844)
(7495, 5843)
(7494, 5843)
(7493, 5843)
(7493, 5842)
(7493, 5841)
(7493, 5840)
(7492, 5839)
(7491, 5839)
(7491, 5838)
(7492, 5837)
(7492, 5836)
(7491, 5835)
(7490, 5834)
(7489, 5833)
(7488, 5832)
(7487, 5831)
(7486, 5830)
(7485, 5829)
(7484, 5828)
(7485, 5827)
(7486, 5826)
(7487, 5825)
(7486, 5825)
(7487, 5824)
(7487, 5823)
(7486, 5823)
(7487, 5822)
(7487, 5821)
(7486, 5820)
(7485, 5819)
(7484, 5818)
(7483, 5818)
(7482, 5817)
(7481, 5816)
(7480, 5815)
(7480, 5814)
(7480, 5813)
(7480, 5812)
(7480, 5811)
(7479, 5810)
(7478, 5809)
(7477, 5808)
(7476, 5807)
(7475, 5806)
(7474, 5805)
(7473, 5805)
(7473, 5804)
(7473, 5803)
(7474, 5802)
(7475, 5801)
(7475, 5800)
(7475, 5799)
(7475, 5798)
(7474, 5797)
(7475, 5796)
(7474, 5796)
(7473, 5796)
(7474, 5795)
(7473, 5795)
(7474, 5794)
(7473, 5794)
(7472, 5794)
(7471, 5793)
(7471, 5792)
(7470, 5791)
(7470, 5790)
(7470, 5789)
(7470, 5788)
(7469, 5787)
(7470, 5786)
(7470, 5785)
(7471, 5785)
(7471, 5786)
(7472, 5786)
(7473, 5785)
(7474, 5784)
(7474, 5783)
(7473, 5782)
(7474, 5781)
(7474, 5782)
(7475, 5781)
(7476, 5780)
(7477, 5779)
(7477, 5778)
(7478, 5777)
(7478, 5776)
(7478, 5775)
(7478, 5774)
(7478, 5773)
(7477, 5772)
(7476, 5771)
(7475, 5770)
(7474, 5770)
(7475, 5769)
(7475, 5768)
(7474, 5768)
(7475, 5767)
(7474, 5766)
(7473, 5765)
(7472, 5765)
(7471, 5764)
(7470, 5764)
(7469, 5763)
(7468, 5762)
(7467, 5762)
(7466, 5761)
(7465, 5760)
(7464, 5759)
(7465, 5758)
(7466, 5757)
(7466, 5756)
(7467, 5755)
(7468, 5754)
(7469, 5753)
(7469, 5752)
(7470, 5751)
(7471, 5750)
(7471, 5749)
(7472, 5748)
(7472, 5747)
(7473, 5746)
(7474, 5745)
(7475, 5744)
(7476, 5743)
(7476, 5742)
(7476, 5741)
(7477, 5741)
(7478, 5740)
(7478, 5739)
(7479, 5738)
(7480, 5737)
(7481, 5736)
(7481, 5735)
(7482, 5734)
(7483, 5733)
(7483, 5732)
(7484, 5732)
(7485, 5732)
(7486, 5732)
(7486, 5731)
(7486, 5730)
(7486, 5729)
(7486, 5728)
(7486, 5727)
(7487, 5727)
(7488, 5727)
(7488, 5726)
(7489, 5726)
(7489, 5725)
(7490, 5725)
(7490, 5724)
(7490, 5723)
(7491, 5724)
(7492, 5724)
(7493, 5723)
(7494, 5723)
(7495, 5723)
(7496, 5722)
(7496, 5721)
(7497, 5720)
(7498, 5719)
(7498, 5718)
(7498, 5717)
(7499, 5718)
(7500, 5717)
(7501, 5716)
(7501, 5715)
(7500, 5714)
(7500, 5713)
(7499, 5712)
(7499, 5711)
(7499, 5710)
(7499, 5709)
(7500, 5708)
(7500, 5707)
(7501, 5706)
(7502, 5705)
(7502, 5704)
(7502, 5703)
(7502, 5702)
(7502, 5701)
(7503, 5700)
(7503, 5699)
(7503, 5698)
(7502, 5697)
(7503, 5696)
(7504, 5696)
(7505, 5697)
(7505, 5696)
(7505, 5695)
(7505, 5694)
(7506, 5695)
(7506, 5694)
(7507, 5695)
(7507, 5694)
(7508, 5694)
(7509, 5693)
(7509, 5692)
(7509, 5691)
(7510, 5692)
(7511, 5693)
(7512, 5692)
(7512, 5691)
(7512, 5690)
(7511, 5689)
(7510, 5689)
(7510, 5688)
(7509, 5688)
(7509, 5687)
(7508, 5687)
(7509, 5686)
(7508, 5686)
(7507, 5686)
(7506, 5685)
(7506, 5684)
(7506, 5683)
(7506, 5682)
(7507, 5683)
(7508, 5683)
(7509, 5682)
(7509, 5681)
(7510, 5680)
(7510, 5679)
(7509, 5678)
(7508, 5677)
(7507, 5676)
(7506, 5675)
(7505, 5675)
(7504, 5674)
(7504, 5673)
(7504, 5672)
(7504, 5671)
(7505, 5672)
(7506, 5673)
(7507, 5672)
(7507, 5671)
(7508, 5670)
(7508, 5669)
(7508, 5668)
(7508, 5667)
(7507, 5666)
(7506, 5665)
(7507, 5664)
(7506, 5663)
(7506, 5662)
(7506, 5661)
(7507, 5661)
(7508, 5660)
(7507, 5659)
(7506, 5658)
(7505, 5657)
(7504, 5656)
(7503, 5655)
(7502, 5654)
(7501, 5653)
(7500, 5653)
(7499, 5653)
(7498, 5652)
(7498, 5651)
(7499, 5650)
(7500, 5649)
(7501, 5648)
(7501, 5647)
(7501, 5646)
(7500, 5645)
(7500, 5644)
(7500, 5643)
(7500, 5642)
(7500, 5641)
(7501, 5640)
(7501, 5639)
(7502, 5638)
(7501, 5637)
(7500, 5637)
(7500, 5636)
(7499, 5635)
(7498, 5635)
(7497, 5634)
(7496, 5633)
(7495, 5632)
(7494, 5631)
(7494, 5630)
(7495, 5629)
(7495, 5628)
(7496, 5627)
(7495, 5626)
(7494, 5625)
(7493, 5624)
(7492, 5623)
(7492, 5622)
(7492, 5621)
(7493, 5622)
(7494, 5622)
(7495, 5621)
(7495, 5620)
(7496, 5620)
(7497, 5619)
(7498, 5618)
(7498, 5617)
(7497, 5616)
(7496, 5615)
(7496, 5614)
(7497, 5613)
(7498, 5612)
(7497, 5611)
(7498, 5610)
(7499, 5609)
(7499, 5608)
(7499, 5607)
(7500, 5606)
(7499, 5606)
(7500, 5605)
(7500, 5604)
(7500, 5603)
(7501, 5602)
(7502, 5602)
(7503, 5601)
(7503, 5600)
(7504, 5600)
(7505, 5600)
(7506, 5599)
(7507, 5598)
(7507, 5597)
(7506, 5596)
(7505, 5595)
(7504, 5594)
(7503, 5593)
(7504, 5592)
(7505, 5592)
(7506, 5592)
(7507, 5592)
(7508, 5591)
(7508, 5590)
(7508, 5589)
(7509, 5590)
(7510, 5590)
(7511, 5589)
(7511, 5588)
(7511, 5587)
(7511, 5586)
(7512, 5585)
(7512, 5584)
(7513, 5583)
(7513, 5582)
(7514, 5581)
(7514, 5580)
(7514, 5579)
(7514, 5578)
(7513, 5577)
(7514, 5576)
(7515, 5575)
(7516, 5574)
(7516, 5573)
(7517, 5572)
(7517, 5571)
(7518, 5571)
(7519, 5571)
(7520, 5570)
(7520, 5569)
(7519, 5568)
(7520, 5567)
(7521, 5567)
(7522, 5566)
(7521, 5565)
(7521, 5564)
(7521, 5563)
(7520, 5562)
(7520, 5561)
(7521, 5560)
(7522, 5559)
(7522, 5560)
(7523, 5559)
(7524, 5558)
(7525, 5557)
(7526, 5556)
(7526, 5555)
(7526, 5554)
(7525, 5554)
(7524, 5553)
(7525, 5552)
(7526, 5551)
(7527, 5550)
(7527, 5549)
(7526, 5548)
(7525, 5547)
(7526, 5546)
(7527, 5545)
(7528, 5544)
(7529, 5543)
(7529, 5542)
(7529, 5541)
(7528, 5540)
(7527, 5540)
(7526, 5540)
(7525, 5541)
(7524, 5540)
(7523, 5539)
(7522, 5538)
(7521, 5538)
(7522, 5537)
(7521, 5537)
(7520, 5537)
(7519, 5537)
(7520, 5536)
(7519, 5536)
(7519, 5535)
(7520, 5534)
(7520, 5533)
(7520, 5532)
(7520, 5531)
(7521, 5530)
(7521, 5529)
(7520, 5528)
(7519, 5527)
(7518, 5527)
(7517, 5528)
(7516, 5528)
(7515, 5527)
(7514, 5526)
(7513, 5525)
(7512, 5524)
(7511, 5523)
(7512, 5522)
(7511, 5521)
(7511, 5520)
(7511, 5519)
(7511, 5518)
(7511, 5517)
(7511, 5516)
(7512, 5515)
(7513, 5514)
(7514, 5513)
(7514, 5514)
(7515, 5514)
(7516, 5514)
(7517, 5514)
(7518, 5513)
(7519, 5512)
(7520, 5511)
(7520, 5510)
(7521, 5510)
(7522, 5509)
(7522, 5510)
(7523, 5510)
(7524, 5510)
(7524, 5511)
(7525, 5510)
(7526, 5509)
(7526, 5508)
(7526, 5507)
(7526, 5506)
(7527, 5506)
(7528, 5505)
(7528, 5504)
(7528, 5503)
(7528, 5502)
(7528, 5501)
(7528, 5500)
(7527, 5499)
(7528, 5499)
(7529, 5498)
(7530, 5497)
(7530, 5496)
(7529, 5496)
(7530, 5495)
(7529, 5494)
(7529, 5493)
(7530, 5492)
(7530, 5493)
(7531, 5493)
(7532, 5492)
(7533, 5491)
(7534, 5490)
(7535, 5489)
(7536, 5488)
(7536, 5487)
(7536, 5486)
(7537, 5485)
(7537, 5484)
(7537, 5483)
(7537, 5482)
(7537, 5481)
(7537, 5480)
(7538, 5479)
(7538, 5480)
(7539, 5479)
(7540, 5479)
(7541, 5478)
(7542, 5477)
(7542, 5476)
(7543, 5476)
(7544, 5476)
(7545, 5475)
(7545, 5474)
(7546, 5474)
(7547, 5473)
(7547, 5472)
(7548, 5471)
(7548, 5470)
(7549, 5469)
(7549, 5468)
(7550, 5467)
(7550, 5468)
(7551, 5467)
(7551, 5468)
(7552, 5467)
(7553, 5466)
(7553, 5465)
(7554, 5464)
(7555, 5463)
(7555, 5462)
(7554, 5462)
(7555, 5461)
(7555, 5460)
(7556, 5459)
(7556, 5458)
(7557, 5457)
(7556, 5457)
(7557, 5456)
(7556, 5456)
(7557, 5455)
(7557, 5454)
(7556, 5453)
(7556, 5452)
(7556, 5451)
(7555, 5450)
(7554, 5449)
(7553, 5448)
(7552, 5447)
(7551, 5446)
(7550, 5445)
(7549, 5444)
(7548, 5443)
(7548, 5442)
(7548, 5441)
(7549, 5441)
(7550, 5440)
(7550, 5439)
(7549, 5438)
(7549, 5437)
(7549, 5436)
(7548, 5435)
(7548, 5434)
(7548, 5433)
(7547, 5432)
(7546, 5431)
(7545, 5431)
(7546, 5430)
(7546, 5429)
(7547, 5428)
(7547, 5427)
(7547, 5426)
(7548, 5426)
(7549, 5426)
(7550, 5426)
(7551, 5427)
(7552, 5427)
(7553, 5427)
(7554, 5426)
(7554, 5425)
(7554, 5424)
(7554, 5423)
(7554, 5422)
(7555, 5423)
(7556, 5422)
(7557, 5421)
(7558, 5421)
(7559, 5420)
(7560, 5420)
(7561, 5420)
(7561, 5419)
(7562, 5418)
(7563, 5418)
(7564, 5417)
(7565, 5418)
(7566, 5417)
(7567, 5417)
(7568, 5417)
(7568, 5416)
(7569, 5415)
(7570, 5415)
(7571, 5414)
(7571, 5415)
(7572, 5415)
(7573, 5415)
(7573, 5414)
(7574, 5413)
(7574, 5412)
(7574, 5411)
(7575, 5412)
(7575, 5411)
(7576, 5412)
(7576, 5411)
(7576, 5410)
(7576, 5409)
(7577, 5408)
(7577, 5409)
(7577, 5410)
(7578, 5409)
(7578, 5410)
(7578, 5411)
(7579, 5410)
(7579, 5409)
(7580, 5410)
(7580, 5411)
(7580, 5412)
(7581, 5411)
(7581, 5412)
(7582, 5411)
(7582, 5412)
(7582, 5413)
(7583, 5412)
(7583, 5413)
(7584, 5412)
(7584, 5413)
(7585, 5412)
(7585, 5413)
(7585, 5414)
(7586, 5413)
(7586, 5414)
(7587, 5413)
(7588, 5412)
(7589, 5412)
(7589, 5411)
(7590, 5410)
(7590, 5409)
(7591, 5408)
(7592, 5409)
(7593, 5409)
(7593, 5408)
(7594, 5407)
(7594, 5406)
(7594, 5405)
(7594, 5404)
(7595, 5403)
(7595, 5402)
(7595, 5401)
(7595, 5400)
(7594, 5399)
(7593, 5398)
(7592, 5398)
(7593, 5397)
(7592, 5397)
(7593, 5396)
(7594, 5395)
(7595, 5394)
(7596, 5393)
(7597, 5392)
(7597, 5391)
(7598, 5391)
(7598, 5392)
(7599, 5391)
(7599, 5392)
(7599, 5393)
(7599, 5394)
(7600, 5393)
(7600, 5394)
(7601, 5393)
(7602, 5392)
(7602, 5391)
(7603, 5391)
(7604, 5390)
(7604, 5389)
(7605, 5388)
(7605, 5387)
(7604, 5386)
(7603, 5385)
(7602, 5384)
(7602, 5383)
(7601, 5382)
(7600, 5381)
(7599, 5381)
(7598, 5381)
(7597, 5380)
(7598, 5379)
(7597, 5378)
(7597, 5377)
(7598, 5377)
(7599, 5376)
(7600, 5375)
(7601, 5374)
(7602, 5373)
(7603, 5372)
(7603, 5371)
(7603, 5370)
(7603, 5369)
(7603, 5368)
(7603, 5367)
(7602, 5366)
(7602, 5365)
(7602, 5364)
(7602, 5363)
(7603, 5362)
(7604, 5363)
(7605, 5364)
(7606, 5363)
(7606, 5362)
(7607, 5361)
(7608, 5360)
(7607, 5359)
(7607, 5358)
(7608, 5357)
(7609, 5356)
(7610, 5356)
(7611, 5355)
(7611, 5354)
(7612, 5353)
(7613, 5352)
(7612, 5351)
(7611, 5350)
(7611, 5349)
(7610, 5348)
(7609, 5348)
(7609, 5347)
(7609, 5346)
(7608, 5346)
(7607, 5345)
(7608, 5345)
(7609, 5344)
(7610, 5343)
(7610, 5342)
(7610, 5341)
(7611, 5340)
(7611, 5339)
(7612, 5339)
(7612, 5338)
(7613, 5337)
(7613, 5338)
(7614, 5337)
(7614, 5338)
(7615, 5337)
(7615, 5338)
(7616, 5337)
(7617, 5336)
(7618, 5335)
(7619, 5334)
(7620, 5333)
(7621, 5332)
(7621, 5331)
(7621, 5330)
(7621, 5329)
(7621, 5328)
(7620, 5327)
(7619, 5326)
(7619, 5325)
(7619, 5324)
(7618, 5323)
(7617, 5323)
(7616, 5323)
(7615, 5322)
(7614, 5321)
(7613, 5321)
(7612, 5320)
(7611, 5319)
(7612, 5318)
(7612, 5317)
(7611, 5317)
(7610, 5316)
(7611, 5315)
(7611, 5314)
(7610, 5313)
(7610, 5314)
(7611, 5313)
(7612, 5312)
(7613, 5311)
(7614, 5310)
(7615, 5309)
(7614, 5308)
(7613, 5307)
(7613, 5306)
(7614, 5306)
(7615, 5305)
(7615, 5304)
(7616, 5305)
(7617, 5304)
(7617, 5303)
(7617, 5302)
(7617, 5301)
(7617, 5300)
(7616, 5299)
(7616, 5298)
(7617, 5297)
(7618, 5296)
(7619, 5295)
(7619, 5294)
(7619, 5293)
(7619, 5292)
(7619, 5291)
(7618, 5290)
(7617, 5289)
(7617, 5288)
(7618, 5287)
(7618, 5286)
(7619, 5285)
(7619, 5284)
(7619, 5283)
(7618, 5282)
(7617, 5281)
(7616, 5281)
(7615, 5280)
(7615, 5279)
(7614, 5278)
(7613, 5277)
(7612, 5276)
(7613, 5275)
(7613, 5274)
(7612, 5274)
(7613, 5273)
(7613, 5272)
(7613, 5271)
(7614, 5272)
(7615, 5271)
(7615, 5270)
(7615, 5269)
(7614, 5268)
(7613, 5267)
(7612, 5266)
(7611, 5266)
(7610, 5266)
(7609, 5266)
(7608, 5265)
(7607, 5264)
(7606, 5263)
(7605, 5263)
(7604, 5263)
(7605, 5262)
(7604, 5262)
(7605, 5261)
(7605, 5260)
(7604, 5259)
(7603, 5258)
(7602, 5257)
(7601, 5256)
(7600, 5255)
(7600, 5254)
(7600, 5253)
(7600, 5252)
(7599, 5251)
(7599, 5250)
(7598, 5249)
(7597, 5248)
(7596, 5247)
(7595, 5246)
(7594, 5245)
(7593, 5245)
(7592, 5244)
(7592, 5243)
(7592, 5242)
(7592, 5241)
(7593, 5242)
(7594, 5241)
(7595, 5240)
(7596, 5239)
(7596, 5238)
(7596, 5237)
(7596, 5236)
(7596, 5235)
(7596, 5234)
(7595, 5234)
(7594, 5234)
(7593, 5234)
(7594, 5233)
(7594, 5232)
(7593, 5232)
(7593, 5231)
(7592, 5230)
(7591, 5229)
(7590, 5228)
(7590, 5227)
(7590, 5226)
(7590, 5225)
(7590, 5224)
(7591, 5224)
(7592, 5223)
(7592, 5222)
(7593, 5221)
(7593, 5222)
(7593, 5223)
(7594, 5222)
(7594, 5221)
(7595, 5220)
(7596, 5219)
(7597, 5218)
(7597, 5219)
(7598, 5218)
(7599, 5217)
(7600, 5216)
(7601, 5215)
(7602, 5214)
(7602, 5213)
(7602, 5212)
(7603, 5211)
(7602, 5210)
(7601, 5209)
(7602, 5208)
(7603, 5207)
(7603, 5206)
(7604, 5206)
(7605, 5205)
(7606, 5204)
(7606, 5203)
(7605, 5203)
(7605, 5202)
(7606, 5201)
(7606, 5200)
(7606, 5199)
(7606, 5198)
(7606, 5197)
(7607, 5198)
(7608, 5199)
(7609, 5198)
(7610, 5197)
(7610, 5196)
(7611, 5195)
(7611, 5194)
(7612, 5193)
(7612, 5192)
(7612, 5191)
(7613, 5190)
(7612, 5189)
(7613, 5188)
(7613, 5187)
(7613, 5186)
(7614, 5185)
(7615, 5185)
(7616, 5184)
(7616, 5183)
(7617, 5183)
(7617, 5182)
(7618, 5181)
(7619, 5182)
(7619, 5183)
(7620, 5182)
(7621, 5181)
(7620, 5180)
(7619, 5179)
(7619, 5178)
(7619, 5177)
(7619, 5176)
(7620, 5176)
(7621, 5175)
(7622, 5174)
(7623, 5173)
(7624, 5172)
(7624, 5171)
(7623, 5170)
(7622, 5170)
(7622, 5169)
(7621, 5169)
(7621, 5168)
(7622, 5167)
(7623, 5166)
(7623, 5165)
(7622, 5164)
(7622, 5163)
(7623, 5162)
(7622, 5161)
(7622, 5160)
(7622, 5159)
(7621, 5158)
(7620, 5157)
(7619, 5156)
(7619, 5155)
(7620, 5154)
(7620, 5153)
(7620, 5152)
(7619, 5151)
(7619, 5150)
(7620, 5149)
(7620, 5148)
(7620, 5147)
(7619, 5146)
(7618, 5146)
(7617, 5145)
(7616, 5144)
(7615, 5143)
(7614, 5142)
(7614, 5141)
(7613, 5140)
(7614, 5139)
(7615, 5138)
(7615, 5137)
(7614, 5136)
(7613, 5135)
(7612, 5134)
(7612, 5133)
(7611, 5132)
(7610, 5131)
(7609, 5130)
(7608, 5129)
(7609, 5128)
(7610, 5127)
(7610, 5126)
(7609, 5125)
(7609, 5124)
(7610, 5123)
(7609, 5122)
(7608, 5121)
(7607, 5120)
(7608, 5119)
(7608, 5118)
(7608, 5117)
(7608, 5116)
(7608, 5115)
(7609, 5116)
(7610, 5116)
(7611, 5115)
(7612, 5114)
(7613, 5113)
(7613, 5114)
(7614, 5113)
(7615, 5113)
(7616, 5112)
(7615, 5111)
(7615, 5110)
(7614, 5109)
(7614, 5108)
(7615, 5108)
(7616, 5108)
(7617, 5108)
(7618, 5108)
(7619, 5108)
(7620, 5107)
(7620, 5106)
(7621, 5105)
(7621, 5106)
(7622, 5105)
(7623, 5104)
(7624, 5103)
(7625, 5102)
(7625, 5101)
(7624, 5100)
(7623, 5099)
(7622, 5098)
(7622, 5097)
(7623, 5096)
(7622, 5096)
(7621, 5095)
(7622, 5094)
(7622, 5093)
(7623, 5092)
(7623, 5091)
(7623, 5090)
(7622, 5089)
(7621, 5088)
(7620, 5087)
(7621, 5086)
(7620, 5085)
(7621, 5084)
(7622, 5083)
(7622, 5082)
(7623, 5081)
(7622, 5080)
(7621, 5079)
(7622, 5078)
(7622, 5077)
(7621, 5076)
(7620, 5075)
(7619, 5074)
(7618, 5075)
(7617, 5074)
(7616, 5073)
(7615, 5072)
(7614, 5071)
(7613, 5070)
(7613, 5069)
(7613, 5068)
(7614, 5068)
(7615, 5067)
(7614, 5066)
(7614, 5065)
(7614, 5064)
(7613, 5063)
(7612, 5062)
(7612, 5061)
(7612, 5060)
(7613, 5060)
(7614, 5059)
(7614, 5058)
(7615, 5057)
(7615, 5056)
(7615, 5055)
(7615, 5054)
(7615, 5053)
(7614, 5052)
(7613, 5051)
(7612, 5050)
(7612, 5049)
(7611, 5049)
(7610, 5049)
(7609, 5049)
(7608, 5048)
(7607, 5047)
(7606, 5046)
(7605, 5045)
(7604, 5044)
(7603, 5043)
(7602, 5043)
(7601, 5043)
(7600, 5042)
(7599, 5041)
(7598, 5040)
(7597, 5039)
(7596, 5038)
(7595, 5037)
(7594, 5036)
(7593, 5035)
(7592, 5034)
(7591, 5033)
(7590, 5032)
(7589, 5032)
(7588, 5032)
(7588, 5031)
(7589, 5030)
(7589, 5029)
(7589, 5028)
(7589, 5027)
(7590, 5028)
(7591, 5027)
(7592, 5026)
(7593, 5025)
(7593, 5024)
(7593, 5023)
(7592, 5022)
(7592, 5021)
(7592, 5020)
(7592, 5019)
(7591, 5018)
(7591, 5017)
(7590, 5016)
(7590, 5015)
(7590, 5014)
(7590, 5013)
(7590, 5012)
(7590, 5011)
(7590, 5010)
(7589, 5009)
(7588, 5008)
(7587, 5007)
(7586, 5007)
(7585, 5006)
(7585, 5005)
(7584, 5004)
(7583, 5003)
(7582, 5003)
(7581, 5003)
(7580, 5002)
(7579, 5001)
(7578, 5000)
(7577, 4999)
(7576, 4998)
(7575, 4997)
(7574, 4997)
(7573, 4997)
(7572, 4996)
(7571, 4995)
(7570, 4994)
(7569, 4993)
(7568, 4992)
(7567, 4992)
(7566, 4992)
(7565, 4991)
(7564, 4990)
(7563, 4989)
(7563, 4988)
(7564, 4987)
(7565, 4986)
(7565, 4985)
(7565, 4984)
(7564, 4983)
(7564, 4982)
(7563, 4981)
(7562, 4980)
(7562, 4979)
(7563, 4978)
(7562, 4977)
(7561, 4976)
(7562, 4975)
(7563, 4974)
(7564, 4973)
(7565, 4972)
(7564, 4971)
(7564, 4970)
(7564, 4969)
(7564, 4968)
(7564, 4967)
(7563, 4966)
(7563, 4965)
(7563, 4964)
(7564, 4965)
(7564, 4964)
(7565, 4964)
(7566, 4964)
(7567, 4964)
(7567, 4965)
(7568, 4966)
(7568, 4965)
(7569, 4966)
(7569, 4965)
(7570, 4966)
(7570, 4965)
(7571, 4966)
(7572, 4965)
(7572, 4964)
(7571, 4963)
(7570, 4963)
(7569, 4962)
(7569, 4961)
(7570, 4960)
(7571, 4959)
(7572, 4959)
(7573, 4959)
(7574, 4958)
(7573, 4957)
(7572, 4956)
(7572, 4955)
(7571, 4954)
(7571, 4953)
(7572, 4953)
(7573, 4952)
(7574, 4951)
(7574, 4950)
(7575, 4950)
(7576, 4949)
(7577, 4948)
(7576, 4947)
(7577, 4947)
(7578, 4946)
(7577, 4945)
(7576, 4944)
(7575, 4943)
(7574, 4942)
(7574, 4941)
(7574, 4940)
(7574, 4939)
(7575, 4938)
(7574, 4938)
(7575, 4937)
(7574, 4937)
(7573, 4937)
(7573, 4936)
(7574, 4935)
(7574, 4934)
(7573, 4933)
(7572, 4932)
(7571, 4931)
(7571, 4930)
(7571, 4929)
(7572, 4928)
(7572, 4927)
(7572, 4926)
(7572, 4925)
(7571, 4924)
(7570, 4923)
(7571, 4923)
(7571, 4922)
(7572, 4921)
(7572, 4922)
(7573, 4921)
(7573, 4920)
(7574, 4919)
(7575, 4919)
(7576, 4919)
(7577, 4919)
(7577, 4920)
(7578, 4919)
(7578, 4918)
(7578, 4917)
(7579, 4917)
(7580, 4916)
(7581, 4916)
(7581, 4917)
(7581, 4918)
(7582, 4917)
(7582, 4916)
(7583, 4915)
(7584, 4914)
(7584, 4915)
(7585, 4914)
(7586, 4913)
(7586, 4912)
(7587, 4912)
(7588, 4911)
(7589, 4910)
(7588, 4909)
(7588, 4908)
(7587, 4908)
(7587, 4907)
(7587, 4906)
(7586, 4906)
(7586, 4905)
(7585, 4905)
(7585, 4904)
(7585, 4903)
(7585, 4902)
(7585, 4901)
(7584, 4900)
(7583, 4900)
(7582, 4900)
(7581, 4900)
(7580, 4900)
(7581, 4899)
(7581, 4898)
(7582, 4897)
(7582, 4896)
(7583, 4895)
(7583, 4894)
(7583, 4893)
(7582, 4892)
(7581, 4891)
(7580, 4890)
(7580, 4889)
(7579, 4888)
(7578, 4887)
(7578, 4886)
(7578, 4885)
(7579, 4885)
(7580, 4885)
(7581, 4884)
(7581, 4883)
(7581, 4882)
(7581, 4881)
(7582, 4880)
(7582, 4879)
(7582, 4878)
(7583, 4877)
(7584, 4876)
(7584, 4875)
(7583, 4875)
(7582, 4874)
(7581, 4874)
(7580, 4873)
(7579, 4873)
(7578, 4872)
(7578, 4871)
(7577, 4870)
(7578, 4869)
(7578, 4868)
(7579, 4867)
(7579, 4866)
(7578, 4865)
(7578, 4864)
(7577, 4864)
(7578, 4863)
(7577, 4862)
(7577, 4861)
(7576, 4860)
(7576, 4859)
(7576, 4858)
(7577, 4859)
(7578, 4858)
(7578, 4857)
(7578, 4856)
(7578, 4855)
(7579, 4854)
(7579, 4853)
(7579, 4852)
(7579, 4851)
(7578, 4850)
(7578, 4849)
(7577, 4848)
(7576, 4847)
(7576, 4846)
(7575, 4845)
(7574, 4845)
(7573, 4844)
(7574, 4843)
(7574, 4842)
(7574, 4841)
(7575, 4840)
(7576, 4839)
(7577, 4839)
(7578, 4838)
(7579, 4837)
(7579, 4836)
(7579, 4835)
(7580, 4834)
(7579, 4833)
(7578, 4832)
(7577, 4831)
(7578, 4830)
(7578, 4829)
(7578, 4828)
(7578, 4827)
(7577, 4826)
(7578, 4825)
(7578, 4824)
(7578, 4823)
(7579, 4822)
(7579, 4821)
(7580, 4821)
(7581, 4820)
(7581, 4819)
(7580, 4818)
(7579, 4817)
(7579, 4816)
(7578, 4815)
(7577, 4814)
(7576, 4813)
(7577, 4812)
(7578, 4811)
(7578, 4810)
(7579, 4809)
(7578, 4808)
(7577, 4807)
(7578, 4807)
(7579, 4806)
(7580, 4805)
(7579, 4804)
(7579, 4803)
(7580, 4802)
(7580, 4801)
(7580, 4800)
(7580, 4799)
(7580, 4798)
(7580, 4797)
(7580, 4796)
(7580, 4795)
(7579, 4794)
(7578, 4793)
(7577, 4792)
(7576, 4791)
(7575, 4790)
(7574, 4789)
(7574, 4788)
(7575, 4787)
(7576, 4786)
(7576, 4785)
(7576, 4784)
(7577, 4783)
(7576, 4783)
(7577, 4782)
(7578, 4781)
(7578, 4780)
(7579, 4779)
(7579, 4778)
(7578, 4777)
(7577, 4777)
(7576, 4776)
(7575, 4775)
(7574, 4774)
(7574, 4773)
(7574, 4772)
(7573, 4771)
(7573, 4770)
(7573, 4769)
(7573, 4768)
(7573, 4767)
(7574, 4766)
(7575, 4767)
(7576, 4766)
(7576, 4765)
(7577, 4764)
(7578, 4765)
(7579, 4764)
(7580, 4763)
(7580, 4762)
(7579, 4761)
(7578, 4760)
(7577, 4759)
(7577, 4758)
(7577, 4757)
(7577, 4756)
(7577, 4755)
(7578, 4754)
(7578, 4755)
(7579, 4754)
(7579, 4755)
(7580, 4754)
(7580, 4755)
(7581, 4754)
(7581, 4753)
(7582, 4752)
(7582, 4751)
(7583, 4752)
(7584, 4752)
(7584, 4751)
(7585, 4751)
(7585, 4752)
(7586, 4751)
(7587, 4750)
(7587, 4749)
(7587, 4748)
(7587, 4747)
(7588, 4748)
(7589, 4748)
(7590, 4749)
(7591, 4748)
(7591, 4747)
(7592, 4747)
(7593, 4746)
(7593, 4745)
(7593, 4744)
(7593, 4743)
(7592, 4742)
(7591, 4741)
(7590, 4740)
(7589, 4739)
(7588, 4738)
(7587, 4738)
(7586, 4738)
(7585, 4738)
(7584, 4737)
(7583, 4736)
(7582, 4735)
(7582, 4734)
(7581, 4734)
(7582, 4733)
(7582, 4732)
(7581, 4731)
(7582, 4731)
(7583, 4730)
(7583, 4729)
(7584, 4728)
(7584, 4727)
(7585, 4726)
(7586, 4725)
(7585, 4724)
(7584, 4723)
(7583, 4722)
(7583, 4721)
(7584, 4720)
(7585, 4719)
(7584, 4718)
(7583, 4717)
(7582, 4716)
(7581, 4715)
(7580, 4714)
(7579, 4713)
(7579, 4712)
(7578, 4711)
(7579, 4710)
(7580, 4709)
(7581, 4708)
(7581, 4707)
(7582, 4706)
(7581, 4705)
(7582, 4704)
(7582, 4703)
(7581, 4703)
(7581, 4702)
(7581, 4701)
(7581, 4700)
(7582, 4699)
(7581, 4698)
(7580, 4697)
(7579, 4696)
(7579, 4695)
(7578, 4694)
(7577, 4693)
(7576, 4692)
(7575, 4691)
(7574, 4690)
(7573, 4689)
(7572, 4688)
(7571, 4687)
(7570, 4686)
(7569, 4685)
(7568, 4685)
(7567, 4686)
(7566, 4686)
(7565, 4685)
(7564, 4684)
(7563, 4683)
(7562, 4682)
(7561, 4681)
(7561, 4680)
(7560, 4679)
(7559, 4678)
(7560, 4677)
(7561, 4676)
(7560, 4675)
(7559, 4674)
(7558, 4674)
(7557, 4673)
(7556, 4672)
(7555, 4671)
(7554, 4670)
(7553, 4669)
(7552, 4668)
(7552, 4667)
(7553, 4668)
(7554, 4667)
(7554, 4666)
(7554, 4665)
(7554, 4664)
(7555, 4663)
(7555, 4664)
(7556, 4663)
(7556, 4664)
(7557, 4663)
(7557, 4664)
(7558, 4663)
(7559, 4662)
(7560, 4661)
(7561, 4660)
(7562, 4659)
(7563, 4658)
(7563, 4657)
(7562, 4656)
(7561, 4655)
(7561, 4654)
(7560, 4653)
(7559, 4652)
(7558, 4651)
(7557, 4650)
(7556, 4649)
(7555, 4648)
(7554, 4648)
(7553, 4647)
(7552, 4647)
(7551, 4646)
(7551, 4645)
(7551, 4644)
(7552, 4643)
(7552, 4642)
(7551, 4642)
(7550, 4641)
(7550, 4640)
(7549, 4639)
(7548, 4638)
(7547, 4637)
(7547, 4636)
(7546, 4635)
(7545, 4635)
(7544, 4634)
(7543, 4633)
(7542, 4632)
(7541, 4631)
(7541, 4630)
(7540, 4629)
(7539, 4628)
(7538, 4627)
(7537, 4626)
(7537, 4625)
(7536, 4625)
(7536, 4624)
(7535, 4624)
(7534, 4623)
(7533, 4623)
(7532, 4623)
(7532, 4622)
(7532, 4621)
(7531, 4621)
(7531, 4620)
(7532, 4619)
(7531, 4618)
(7531, 4617)
(7532, 4616)
(7532, 4615)
(7531, 4614)
(7530, 4614)
(7530, 4613)
(7530, 4612)
(7529, 4611)
(7528, 4610)
(7527, 4609)
(7527, 4608)
(7526, 4607)
(7525, 4606)
(7524, 4605)
(7523, 4604)
(7522, 4603)
(7521, 4602)
(7521, 4601)
(7520, 4600)
(7519, 4599)
(7519, 4598)
(7520, 4597)
(7520, 4596)
(7519, 4595)
(7518, 4594)
(7517, 4594)
(7518, 4593)
(7518, 4592)
(7517, 4591)
(7516, 4590)
(7515, 4589)
(7514, 4589)
(7515, 4588)
(7514, 4587)
(7513, 4587)
(7514, 4586)
(7513, 4586)
(7514, 4585)
(7513, 4584)
(7512, 4583)
(7511, 4582)
(7510, 4581)
(7509, 4580)
(7508, 4579)
(7507, 4578)
(7506, 4577)
(7505, 4577)
(7504, 4576)
(7503, 4575)
(7502, 4574)
(7501, 4573)
(7500, 4573)
(7499, 4572)
(7498, 4573)
(7497, 4572)
(7496, 4572)
(7495, 4571)
(7494, 4570)
(7493, 4570)
(7492, 4570)
(7491, 4569)
(7490, 4568)
(7490, 4567)
(7489, 4567)
(7490, 4566)
(7490, 4565)
(7491, 4564)
(7492, 4563)
(7491, 4562)
(7490, 4561)
(7489, 4561)
(7488, 4560)
(7487, 4559)
(7486, 4558)
(7486, 4557)
(7485, 4556)
(7484, 4555)
(7483, 4554)
(7482, 4553)
(7481, 4553)
(7480, 4552)
(7479, 4551)
(7478, 4550)
(7477, 4549)
(7477, 4548)
(7477, 4547)
(7478, 4546)
(7477, 4545)
(7476, 4544)
(7475, 4543)
(7474, 4544)
(7473, 4543)
(7472, 4542)
(7471, 4541)
(7470, 4541)
(7469, 4541)
(7468, 4540)
(7467, 4539)
(7466, 4538)
(7466, 4537)
(7466, 4536)
(7465, 4535)
(7464, 4534)
(7464, 4533)
(7463, 4532)
(7462, 4531)
(7461, 4530)
(7460, 4529)
(7459, 4528)
(7458, 4528)
(7457, 4527)
(7456, 4526)
(7455, 4525)
(7454, 4524)
(7453, 4523)
(7452, 4522)
(7451, 4521)
(7450, 4521)
(7451, 4520)
(7452, 4519)
(7453, 4518)
(7452, 4518)
(7453, 4517)
(7452, 4516)
(7451, 4515)
(7450, 4515)
(7449, 4514)
(7450, 4513)
(7449, 4512)
(7448, 4512)
(7447, 4512)
(7446, 4511)
(7445, 4510)
(7444, 4509)
(7443, 4508)
(7442, 4507)
(7442, 4506)
(7442, 4505)
(7443, 4504)
(7444, 4503)
(7444, 4502)
(7444, 4501)
(7444, 4500)
(7445, 4499)
(7446, 4498)
(7447, 4497)
(7448, 4496)
(7448, 4495)
(7448, 4494)
(7448, 4493)
(7447, 4492)
(7446, 4492)
(7447, 4491)
(7448, 4490)
(7449, 4489)
(7449, 4488)
(7449, 4487)
(7448, 4486)
(7447, 4485)
(7446, 4484)
(7445, 4484)
(7446, 4483)
(7447, 4482)
(7448, 4481)
(7447, 4480)
(7447, 4479)
(7447, 4478)
(7448, 4478)
(7449, 4477)
(7449, 4476)
(7449, 4475)
(7449, 4474)
(7450, 4473)
(7451, 4473)
(7452, 4473)
(7453, 4472)
(7452, 4471)
(7451, 4470)
(7451, 4469)
(7450, 4469)
(7450, 4468)
(7451, 4467)
(7452, 4466)
(7451, 4465)
(7450, 4464)
(7451, 4464)
(7451, 4463)
(7452, 4463)
(7453, 4462)
(7454, 4461)
(7453, 4461)
(7452, 4460)
(7451, 4459)
(7450, 4458)
(7450, 4457)
(7451, 4457)
(7452, 4456)
(7453, 4455)
(7452, 4454)
(7451, 4453)
(7452, 4452)
(7451, 4451)
(7450, 4450)
(7451, 4449)
(7452, 4448)
(7453, 4447)
(7454, 4446)
(7453, 4445)
(7453, 4444)
(7452, 4443)
(7452, 4442)
(7452, 4441)
(7451, 4440)
(7452, 4439)
(7451, 4438)
(7451, 4437)
(7451, 4436)
(7450, 4435)
(7450, 4434)
(7451, 4434)
(7452, 4434)
(7453, 4433)
(7452, 4432)
(7451, 4432)
(7450, 4431)
(7451, 4431)
(7452, 4430)
(7452, 4429)
(7451, 4428)
(7450, 4427)
(7449, 4426)
(7448, 4426)
(7447, 4426)
(7446, 4425)
(7445, 4424)
(7446, 4423)
(7446, 4422)
(7445, 4421)
(7444, 4420)
(7443, 4419)
(7442, 4418)
(7441, 4417)
(7441, 4416)
(7442, 4415)
(7443, 4414)
(7443, 4413)
(7443, 4412)
(7443, 4411)
(7443, 4410)
(7442, 4409)
(7441, 4408)
(7442, 4407)
(7442, 4406)
(7442, 4405)
(7442, 4404)
(7441, 4403)
(7440, 4402)
(7441, 4401)
(7441, 4400)
(7442, 4399)
(7443, 4398)
(7442, 4397)
(7441, 4396)
(7440, 4395)
(7439, 4394)
(7438, 4393)
(7438, 4392)
(7437, 4391)
(7436, 4390)
(7435, 4389)
(7434, 4388)
(7433, 4388)
(7432, 4387)
(7431, 4386)
(7430, 4385)
(7429, 4384)
(7428, 4384)
(7427, 4384)
(7426, 4384)
(7425, 4383)
(7425, 4382)
(7424, 4381)
(7424, 4380)
(7425, 4379)
(7425, 4378)
(7425, 4377)
(7424, 4377)
(7423, 4377)
(7423, 4376)
(7424, 4375)
(7423, 4374)
(7422, 4373)
(7421, 4372)
(7420, 4371)
(7419, 4371)
(7418, 4371)
(7417, 4371)
(7417, 4370)
(7418, 4369)
(7417, 4369)
(7418, 4368)
(7417, 4368)
(7416, 4368)
(7415, 4368)
(7414, 4367)
(7413, 4366)
(7412, 4365)
(7411, 4364)
(7410, 4363)
(7409, 4362)
(7409, 4361)
(7408, 4360)
(7407, 4359)
(7407, 4358)
(7408, 4357)
(7408, 4356)
(7408, 4355)
(7409, 4355)
(7410, 4355)
(7411, 4354)
(7411, 4353)
(7411, 4352)
(7412, 4352)
(7413, 4352)
(7413, 4351)
(7414, 4352)
(7414, 4351)
(7415, 4351)
(7416, 4350)
(7416, 4349)
(7415, 4348)
(7415, 4347)
(7416, 4346)
(7415, 4345)
(7415, 4344)
(7414, 4343)
(7413, 4342)
(7413, 4341)
(7413, 4340)
(7413, 4339)
(7413, 4338)
(7413, 4337)
(7413, 4336)
(7413, 4335)
(7414, 4334)
(7414, 4333)
(7415, 4333)
(7416, 4332)
(7415, 4331)
(7414, 4330)
(7415, 4329)
(7416, 4328)
(7417, 4327)
(7418, 4326)
(7417, 4326)
(7418, 4325)
(7418, 4324)
(7419, 4323)
(7420, 4322)
(7421, 4321)
(7421, 4320)
(7422, 4319)
(7421, 4318)
(7421, 4317)
(7421, 4316)
(7422, 4315)
(7422, 4316)
(7423, 4316)
(7424, 4315)
(7425, 4315)
(7426, 4314)
(7426, 4313)
(7426, 4312)
(7427, 4312)
(7428, 4311)
(7429, 4310)
(7428, 4310)
(7427, 4310)
(7428, 4309)
(7427, 4309)
(7427, 4308)
(7426, 4307)
(7425, 4306)
(7424, 4305)
(7423, 4304)
(7423, 4303)
(7423, 4302)
(7422, 4301)
(7422, 4300)
(7422, 4299)
(7422, 4298)
(7423, 4297)
(7423, 4296)
(7422, 4295)
(7422, 4294)
(7422, 4293)
(7422, 4292)
(7421, 4292)
(7420, 4291)
(7419, 4291)
(7418, 4291)
(7417, 4290)
(7416, 4289)
(7415, 4289)
(7414, 4288)
(7414, 4287)
(7415, 4286)
(7415, 4287)
(7416, 4286)
(7417, 4285)
(7418, 4284)
(7418, 4283)
(7418, 4282)
(7418, 4281)
(7418, 4280)
(7418, 4279)
(7419, 4278)
(7419, 4277)
(7419, 4276)
(7419, 4275)
(7420, 4275)
(7420, 4276)
(7420, 4277)
(7421, 4276)
(7421, 4277)
(7421, 4278)
(7421, 4279)
(7421, 4280)
(7422, 4279)
(7423, 4278)
(7424, 4277)
(7425, 4276)
(7426, 4275)
(7427, 4274)
(7428, 4273)
(7428, 4272)
(7428, 4271)
(7429, 4271)
(7429, 4272)
(7429, 4273)
(7430, 4272)
(7430, 4273)
(7431, 4272)
(7432, 4271)
(7432, 4270)
(7432, 4269)
(7432, 4268)
(7431, 4268)
(7431, 4267)
(7430, 4267)
(7430, 4266)
(7429, 4266)
(7428, 4266)
(7429, 4265)
(7430, 4264)
(7429, 4263)
(7428, 4262)
(7427, 4261)
(7426, 4260)
(7425, 4259)
(7424, 4258)
(7425, 4257)
(7425, 4256)
(7424, 4255)
(7424, 4254)
(7425, 4253)
(7425, 4252)
(7425, 4251)
(7426, 4250)
(7427, 4250)
(7428, 4249)
(7428, 4248)
(7427, 4248)
(7427, 4247)
(7426, 4246)
(7425, 4245)
(7424, 4244)
(7424, 4243)
(7425, 4243)
(7425, 4242)
(7425, 4241)
(7426, 4241)
(7426, 4240)
(7427, 4240)
(7428, 4240)
(7429, 4240)
(7430, 4239)
(7430, 4238)
(7429, 4237)
(7428, 4237)
(7428, 4236)
(7427, 4236)
(7428, 4235)
(7428, 4234)
(7428, 4233)
(7427, 4232)
(7426, 4231)
(7427, 4230)
(7426, 4229)
(7425, 4228)
(7425, 4227)
(7426, 4226)
(7426, 4225)
(7426, 4224)
(7425, 4223)
(7424, 4222)
(7425, 4221)
(7424, 4221)
(7423, 4221)
(7422, 4220)
(7423, 4220)
(7422, 4219)
(7421, 4218)
(7420, 4217)
(7419, 4216)
(7418, 4215)
(7417, 4214)
(7417, 4213)
(7418, 4212)
(7418, 4211)
(7417, 4210)
(7417, 4209)
(7416, 4209)
(7415, 4208)
(7414, 4207)
(7413, 4206)
(7413, 4205)
(7413, 4204)
(7413, 4203)
(7414, 4202)
(7414, 4203)
(7415, 4203)
(7416, 4203)
(7417, 4203)
(7418, 4202)
(7417, 4201)
(7417, 4200)
(7416, 4199)
(7416, 4198)
(7417, 4198)
(7418, 4198)
(7418, 4197)
(7418, 4196)
(7419, 4196)
(7420, 4196)
(7421, 4195)
(7421, 4194)
(7422, 4193)
(7423, 4193)
(7424, 4192)
(7423, 4191)
(7422, 4191)
(7422, 4190)
(7421, 4190)
(7422, 4189)
(7423, 4188)
(7422, 4188)
(7421, 4187)
(7420, 4186)
(7420, 4185)
(7419, 4184)
(7418, 4183)
(7417, 4182)
(7416, 4181)
(7415, 4180)
(7414, 4179)
(7413, 4178)
(7412, 4177)
(7411, 4176)
(7412, 4175)
(7411, 4174)
(7410, 4174)
(7411, 4173)
(7410, 4173)
(7411, 4172)
(7410, 4171)
(7411, 4170)
(7412, 4170)
(7413, 4169)
(7413, 4168)
(7413, 4167)
(7413, 4166)
(7412, 4166)
(7413, 4165)
(7413, 4164)
(7412, 4163)
(7412, 4162)
(7411, 4161)
(7411, 4160)
(7410, 4159)
(7409, 4159)
(7408, 4159)
(7407, 4159)
(7406, 4159)
(7405, 4158)
(7404, 4158)
(7403, 4157)
(7403, 4156)
(7404, 4156)
(7405, 4155)
(7404, 4154)
(7403, 4153)
(7403, 4152)
(7403, 4151)
(7402, 4150)
(7401, 4150)
(7402, 4149)
(7401, 4149)
(7400, 4149)
(7401, 4148)
(7400, 4148)
(7401, 4147)
(7400, 4147)
(7399, 4147)
(7398, 4146)
(7397, 4145)
(7396, 4144)
(7396, 4143)
(7397, 4143)
(7398, 4142)
(7399, 4141)
(7399, 4140)
(7398, 4140)
(7397, 4139)
(7396, 4138)
(7395, 4138)
(7396, 4137)
(7395, 4137)
(7394, 4136)
(7393, 4136)
(7392, 4136)
(7391, 4135)
(7390, 4134)
(7390, 4135)
(7391, 4134)
(7392, 4133)
(7393, 4132)
(7393, 4131)
(7393, 4130)
(7393, 4129)
(7394, 4128)
(7394, 4129)
(7395, 4128)
(7395, 4129)
(7396, 4128)
(7397, 4127)
(7397, 4128)
(7398, 4128)
(7399, 4127)
(7400, 4126)
(7400, 4125)
(7401, 4124)
(7402, 4123)
(7402, 4122)
(7402, 4121)
(7401, 4120)
(7401, 4119)
(7402, 4118)
(7403, 4117)
(7404, 4118)
(7405, 4117)
(7405, 4116)
(7406, 4116)
(7407, 4115)
(7407, 4114)
(7406, 4113)
(7407, 4112)
(7406, 4111)
(7407, 4110)
(7407, 4109)
(7407, 4108)
(7407, 4107)
(7407, 4106)
(7408, 4105)
(7408, 4104)
(7407, 4103)
(7407, 4102)
(7407, 4101)
(7407, 4100)
(7407, 4099)
(7407, 4098)
(7407, 4097)
(7406, 4096)
(7405, 4096)
(7404, 4096)
(7403, 4096)
(7402, 4096)
(7401, 4095)
(7401, 4094)
(7401, 4093)
(7402, 4093)
(7403, 4092)
(7403, 4091)
(7402, 4090)
(7402, 4089)
(7402, 4088)
(7403, 4087)
(7403, 4086)
(7402, 4085)
(7401, 4084)
(7400, 4084)
(7401, 4083)
(7401, 4082)
(7401, 4081)
(7400, 4080)
(7399, 4079)
(7399, 4078)
(7398, 4077)
(7397, 4076)
(7396, 4075)
(7395, 4075)
(7394, 4075)
(7393, 4075)
(7394, 4074)
(7393, 4074)
(7392, 4074)
(7391, 4074)
(7390, 4074)
(7389, 4073)
(7390, 4072)
(7390, 4071)
(7390, 4070)
(7390, 4069)
(7391, 4068)
(7391, 4067)
(7392, 4066)
(7392, 4067)
(7393, 4067)
(7394, 4067)
(7394, 4068)
(7395, 4067)
(7396, 4066)
(7397, 4065)
(7398, 4064)
(7398, 4063)
(7397, 4062)
(7397, 4061)
(7398, 4060)
(7399, 4059)
(7399, 4058)
(7400, 4057)
(7399, 4056)
(7398, 4055)
(7398, 4054)
(7399, 4054)
(7400, 4053)
(7401, 4053)
(7402, 4052)
(7402, 4051)
(7403, 4050)
(7403, 4051)
(7404, 4050)
(7405, 4049)
(7405, 4048)
(7406, 4047)
(7407, 4047)
(7408, 4046)
(7409, 4045)
(7408, 4044)
(7407, 4043)
(7407, 4042)
(7406, 4041)
(7405, 4040)
(7404, 4039)
(7405, 4038)
(7405, 4037)
(7405, 4036)
(7406, 4035)
(7406, 4036)
(7407, 4035)
(7407, 4036)
(7408, 4035)
(7408, 4036)
(7409, 4035)
(7410, 4034)
(7411, 4033)
(7412, 4032)
(7413, 4031)
(7412, 4030)
(7412, 4029)
(7412, 4028)
(7413, 4027)
(7413, 4026)
(7413, 4025)
(7413, 4024)
(7414, 4025)
(7415, 4025)
(7416, 4024)
(7416, 4023)
(7415, 4022)
(7415, 4021)
(7415, 4020)
(7415, 4019)
(7415, 4018)
(7415, 4017)
(7416, 4017)
(7417, 4017)
(7418, 4016)
(7418, 4015)
(7418, 4014)
(7417, 4013)
(7416, 4012)
(7415, 4011)
(7414, 4010)
(7413, 4010)
(7412, 4010)
(7411, 4009)
(7410, 4008)
(7409, 4007)
(7410, 4006)
(7409, 4005)
(7408, 4004)
(7408, 4003)
(7409, 4002)
(7410, 4001)
(7411, 4000)
(7412, 3999)
(7413, 3998)
(7414, 3997)
(7415, 3996)
(7414, 3995)
(7414, 3994)
(7414, 3993)
(7414, 3992)
(7413, 3991)
(7412, 3990)
(7411, 3989)
(7410, 3988)
(7409, 3987)
(7408, 3986)
(7407, 3985)
(7406, 3984)
(7405, 3983)
(7404, 3982)
(7405, 3981)
(7405, 3980)
(7404, 3979)
(7403, 3978)
(7403, 3977)
(7402, 3976)
(7401, 3975)
(7401, 3974)
(7402, 3974)
(7402, 3973)
(7401, 3972)
(7401, 3971)
(7402, 3970)
(7402, 3969)
(7401, 3968)
(7401, 3967)
(7401, 3966)
(7401, 3965)
(7402, 3966)
(7403, 3966)
(7404, 3965)
(7404, 3964)
(7405, 3963)
(7405, 3962)
(7405, 3961)
(7404, 3960)
(7403, 3960)
(7402, 3959)
(7401, 3958)
(7401, 3957)
(7402, 3956)
(7402, 3955)
(7401, 3954)
(7400, 3953)
(7399, 3952)
(7398, 3951)
(7397, 3951)
(7396, 3951)
(7395, 3950)
(7394, 3949)
(7393, 3948)
(7392, 3947)
(7391, 3946)
(7391, 3945)
(7392, 3944)
(7391, 3943)
(7391, 3942)
(7391, 3941)
(7390, 3940)
(7389, 3939)
(7389, 3938)
(7389, 3937)
(7389, 3936)
(7388, 3935)
(7387, 3934)
(7386, 3933)
(7385, 3932)
(7384, 3932)
(7384, 3931)
(7384, 3930)
(7383, 3929)
(7382, 3929)
(7381, 3928)
(7380, 3927)
(7379, 3926)
(7380, 3925)
(7379, 3924)
(7379, 3923)
(7379, 3922)
(7379, 3921)
(7380, 3920)
(7380, 3919)
(7379, 3918)
(7378, 3917)
(7379, 3916)
(7379, 3915)
(7379, 3914)
(7379, 3913)
(7380, 3912)
(7380, 3911)
(7380, 3910)
(7380, 3909)
(7379, 3908)
(7378, 3908)
(7377, 3907)
(7377, 3906)
(7377, 3905)
(7376, 3906)
(7375, 3905)
(7374, 3904)
(7373, 3903)
(7372, 3902)
(7372, 3901)
(7372, 3900)
(7373, 3900)
(7373, 3899)
(7374, 3899)
(7375, 3899)
(7375, 3898)
(7375, 3897)
(7375, 3896)
(7375, 3895)
(7375, 3894)
(7374, 3893)
(7373, 3892)
(7373, 3891)
(7374, 3890)
(7374, 3889)
(7373, 3888)
(7373, 3887)
(7372, 3886)
(7372, 3885)
(7372, 3884)
(7372, 3883)
(7372, 3882)
(7372, 3881)
(7371, 3880)
(7370, 3879)
(7369, 3878)
(7368, 3877)
(7368, 3876)
(7367, 3875)
(7367, 3874)
(7367, 3873)
(7366, 3872)
(7365, 3871)
(7364, 3870)
(7364, 3869)
(7364, 3868)
(7364, 3867)
(7363, 3866)
(7363, 3865)
(7363, 3864)
(7362, 3863)
(7361, 3862)
(7362, 3861)
(7363, 3860)
(7363, 3859)
(7363, 3858)
(7362, 3857)
(7363, 3856)
(7363, 3855)
(7363, 3854)
(7363, 3853)
(7363, 3852)
(7363, 3851)
(7364, 3850)
(7364, 3849)
(7364, 3848)
(7365, 3848)
(7365, 3847)
(7365, 3846)
(7365, 3845)
(7364, 3844)
(7364, 3843)
(7365, 3843)
(7366, 3842)
(7366, 3841)
(7366, 3840)
(7366, 3839)
(7366, 3838)
(7366, 3837)
(7366, 3836)
(7365, 3835)
(7365, 3834)
(7366, 3833)
(7366, 3832)
(7365, 3831)
(7364, 3830)
(7363, 3829)
(7363, 3828)
(7363, 3827)
(7364, 3826)
(7364, 3825)
(7364, 3824)
(7364, 3823)
(7364, 3822)
(7364, 3821)
(7364, 3820)
(7364, 3819)
(7364, 3818)
(7364, 3817)
(7365, 3817)
(7366, 3816)
(7365, 3815)
(7364, 3814)
(7364, 3813)
(7363, 3812)
(7364, 3811)
(7364, 3810)
(7364, 3809)
(7363, 3808)
(7363, 3807)
(7364, 3807)
(7365, 3806)
(7366, 3805)
(7366, 3804)
(7367, 3803)
(7366, 3802)
(7367, 3801)
(7368, 3800)
(7368, 3799)
(7368, 3798)
(7368, 3797)
(7368, 3796)
(7369, 3795)
(7370, 3794)
(7370, 3795)
(7371, 3794)
(7371, 3795)
(7372, 3794)
(7372, 3795)
(7373, 3794)
(7374, 3793)
(7374, 3792)
(7374, 3791)
(7375, 3790)
(7376, 3790)
(7377, 3790)
(7378, 3789)
(7378, 3788)
(7378, 3787)
(7378, 3786)
(7378, 3785)
(7379, 3785)
(7379, 3784)
(7380, 3785)
(7381, 3784)
(7381, 3783)
(7382, 3783)
(7383, 3784)
(7383, 3785)
(7384, 3784)
(7385, 3783)
(7385, 3782)
(7385, 3781)
(7385, 3780)
(7386, 3779)
(7386, 3778)
(7386, 3777)
(7386, 3776)
(7386, 3775)
(7387, 3774)
(7387, 3775)
(7388, 3774)
(7388, 3775)
(7389, 3774)
(7390, 3773)
(7391, 3773)
(7392, 3772)
(7392, 3771)
(7392, 3770)
(7393, 3769)
(7393, 3770)
(7394, 3769)
(7394, 3770)
(7395, 3769)
(7395, 3770)
(7396, 3769)
(7396, 3770)
(7397, 3769)
(7397, 3770)
(7398, 3769)
(7398, 3770)
(7399, 3769)
(7400, 3768)
(7400, 3769)
(7401, 3768)
(7402, 3767)
(7402, 3766)
(7402, 3765)
(7403, 3764)
(7404, 3765)
(7405, 3765)
(7406, 3765)
(7407, 3764)
(7408, 3763)
(7408, 3762)
(7409, 3761)
(7409, 3760)
(7409, 3759)
(7410, 3758)
(7410, 3757)
(7410, 3756)
(7410, 3755)
(7411, 3755)
(7412, 3755)
(7413, 3754)
(7413, 3753)
(7413, 3752)
(7413, 3751)
(7414, 3750)
(7414, 3749)
(7414, 3748)
(7414, 3747)
(7415, 3747)
(7415, 3746)
(7416, 3745)
(7416, 3744)
(7417, 3744)
(7417, 3743)
(7418, 3743)
(7419, 3743)
(7420, 3743)
(7420, 3742)
(7420, 3741)
(7420, 3740)
(7421, 3739)
(7421, 3738)
(7421, 3737)
(7422, 3737)
(7423, 3737)
(7424, 3737)
(7425, 3738)
(7426, 3737)
(7426, 3738)
(7427, 3738)
(7427, 3739)
(7428, 3739)
(7428, 3740)
(7428, 3741)
(7428, 3742)
(7429, 3741)
(7429, 3742)
(7430, 3741)
(7430, 3742)
(7431, 3741)
(7431, 3742)
(7432, 3741)
(7433, 3740)
(7434, 3739)
(7435, 3738)
(7435, 3737)
(7435, 3736)
(7435, 3735)
(7435, 3734)
(7436, 3733)
(7436, 3732)
(7437, 3731)
(7438, 3730)
(7439, 3729)
(7440, 3728)
(7440, 3727)
(7441, 3727)
(7442, 3726)
(7442, 3725)
(7443, 3724)
(7443, 3723)
(7444, 3722)
(7443, 3721)
(7442, 3720)
(7441, 3719)
(7441, 3718)
(7440, 3717)
(7440, 3716)
(7441, 3715)
(7442, 3715)
(7443, 3714)
(7442, 3713)
(7441, 3712)
(7441, 3711)
(7441, 3710)
(7442, 3710)
(7443, 3710)
(7444, 3709)
(7445, 3708)
(7445, 3707)
(7446, 3707)
(7446, 3706)
(7446, 3705)
(7446, 3704)
(7446, 3703)
(7445, 3702)
(7444, 3702)
(7443, 3701)
(7443, 3700)
(7443, 3699)
(7444, 3698)
(7444, 3699)
(7444, 3700)
(7445, 3699)
(7446, 3698)
(7447, 3697)
(7448, 3697)
(7449, 3697)
(7450, 3698)
(7451, 3697)
(7451, 3696)
(7451, 3695)
(7452, 3695)
(7453, 3694)
(7453, 3695)
(7454, 3694)
(7454, 3693)
(7455, 3694)
(7456, 3693)
(7457, 3693)
(7458, 3692)
(7459, 3691)
(7459, 3690)
(7459, 3689)
(7459, 3688)
(7459, 3687)
(7459, 3686)
(7459, 3685)
(7459, 3684)
(7459, 3683)
(7459, 3682)
(7458, 3681)
(7457, 3680)
(7457, 3679)
(7457, 3678)
(7457, 3677)
(7457, 3676)
(7457, 3675)
(7456, 3674)
(7457, 3673)
(7456, 3673)
(7455, 3672)
(7454, 3671)
(7454, 3670)
(7454, 3669)
(7455, 3668)
(7455, 3669)
(7456, 3668)
(7457, 3667)
(7457, 3666)
(7457, 3665)
(7458, 3664)
(7459, 3663)
(7459, 3664)
(7460, 3663)
(7461, 3662)
(7462, 3661)
(7463, 3660)
(7464, 3659)
(7465, 3658)
(7466, 3657)
(7466, 3656)
(7467, 3655)
(7466, 3654)
(7465, 3653)
(7466, 3652)
(7465, 3651)
(7465, 3650)
(7466, 3650)
(7467, 3649)
(7467, 3648)
(7468, 3649)
(7469, 3649)
(7470, 3649)
(7471, 3648)
(7470, 3647)
(7470, 3646)
(7471, 3646)
(7472, 3646)
(7473, 3645)
(7473, 3644)
(7473, 3643)
(7473, 3642)
(7474, 3641)
(7474, 3640)
(7475, 3639)
(7474, 3639)
(7474, 3638)
(7475, 3637)
(7474, 3636)
(7475, 3635)
(7474, 3634)
(7474, 3633)
(7475, 3632)
(7475, 3631)
(7474, 3630)
(7473, 3629)
(7472, 3628)
(7471, 3627)
(7472, 3626)
(7473, 3625)
(7474, 3624)
(7474, 3623)
(7473, 3622)
(7473, 3621)
(7472, 3621)
(7473, 3620)
(7474, 3619)
(7474, 3618)
(7474, 3617)
(7474, 3616)
(7474, 3615)
(7475, 3614)
(7474, 3613)
(7473, 3612)
(7472, 3611)
(7471, 3610)
(7470, 3609)
(7471, 3608)
(7470, 3607)
(7469, 3606)
(7470, 3605)
(7470, 3604)
(7470, 3603)
(7471, 3602)
(7471, 3601)
(7472, 3600)
(7471, 3599)
(7471, 3598)
(7472, 3597)
(7472, 3596)
(7473, 3595)
(7474, 3594)
(7474, 3593)
(7474, 3592)
(7475, 3592)
(7476, 3592)
(7477, 3592)
(7478, 3591)
(7479, 3590)
(7479, 3591)
(7480, 3590)
(7481, 3590)
(7481, 3589)
(7481, 3588)
(7480, 3587)
(7480, 3586)
(7479, 3585)
(7479, 3584)
(7479, 3583)
(7479, 3582)
(7480, 3581)
(7481, 3580)
(7481, 3579)
(7481, 3578)
(7481, 3577)
(7481, 3576)
(7482, 3576)
(7482, 3575)
(7482, 3574)
(7481, 3573)
(7481, 3572)
(7481, 3571)
(7481, 3570)
(7482, 3570)
(7483, 3569)
(7484, 3568)
(7484, 3569)
(7485, 3568)
(7486, 3567)
(7487, 3567)
(7488, 3566)
(7488, 3565)
(7488, 3564)
(7489, 3564)
(7490, 3565)
(7491, 3566)
(7492, 3567)
(7493, 3568)
(7494, 3567)
(7495, 3566)
(7496, 3565)
(7496, 3564)
(7497, 3563)
(7498, 3562)
(7499, 3561)
(7499, 3560)
(7499, 3559)
(7500, 3559)
(7501, 3558)
(7501, 3557)
(7500, 3556)
(7501, 3555)
(7501, 3556)
(7502, 3555)
(7502, 3554)
(7503, 3553)
(7503, 3552)
(7504, 3552)
(7505, 3551)
(7506, 3551)
(7507, 3550)
(7507, 3549)
(7507, 3548)
(7507, 3547)
(7508, 3546)
(7508, 3547)
(7509, 3547)
(7510, 3546)
(7510, 3545)
(7511, 3545)
(7511, 3544)
(7511, 3543)
(7511, 3542)
(7511, 3541)
(7511, 3540)
(7511, 3539)
(7512, 3538)
(7512, 3537)
(7512, 3536)
(7511, 3535)
(7510, 3534)
(7509, 3533)
(7508, 3532)
(7508, 3531)
(7508, 3530)
(7508, 3529)
(7508, 3528)
(7507, 3527)
(7507, 3526)
(7507, 3525)
(7507, 3524)
(7508, 3524)
(7508, 3523)
(7508, 3522)
(7508, 3521)
(7508, 3520)
(7507, 3519)
(7506, 3518)
(7505, 3517)
(7506, 3516)
(7506, 3517)
(7507, 3516)
(7508, 3515)
(7508, 3514)
(7508, 3513)
(7508, 3512)
(7509, 3511)
(7510, 3510)
(7510, 3509)
(7511, 3508)
(7511, 3509)
(7512, 3508)
(7512, 3509)
(7512, 3510)
(7513, 3509)
(7513, 3508)
(7514, 3508)
(7515, 3507)
(7515, 3506)
(7516, 3505)
(7516, 3504)
(7515, 3503)
(7514, 3502)
(7514, 3501)
(7514, 3500)
(7513, 3499)
(7513, 3498)
(7512, 3497)
(7511, 3496)
(7511, 3495)
(7511, 3494)
(7511, 3493)
(7511, 3492)
(7512, 3492)
(7513, 3491)
(7512, 3490)
(7512, 3489)
(7512, 3488)
(7511, 3487)
(7510, 3486)
(7509, 3485)
(7509, 3484)
(7510, 3483)
(7509, 3483)
(7510, 3482)
(7510, 3481)
(7511, 3480)
(7510, 3479)
(7509, 3479)
(7508, 3479)
(7509, 3478)
(7509, 3477)
(7509, 3476)
(7508, 3475)
(7507, 3474)
(7506, 3473)
(7507, 3472)
(7507, 3471)
(7508, 3470)
(7508, 3471)
(7509, 3470)
(7509, 3469)
(7509, 3468)
(7509, 3467)
(7509, 3466)
(7509, 3465)
(7509, 3464)
(7509, 3463)
(7509, 3462)
(7509, 3461)
(7508, 3460)
(7509, 3460)
(7510, 3459)
(7510, 3458)
(7510, 3457)
(7510, 3456)
(7511, 3455)
(7510, 3454)
(7509, 3453)
(7510, 3452)
(7511, 3451)
(7512, 3451)
(7513, 3450)
(7513, 3449)
(7513, 3448)
(7513, 3447)
(7514, 3447)
(7515, 3448)
(7516, 3447)
(7516, 3446)
(7517, 3445)
(7517, 3446)
(7517, 3447)
(7518, 3446)
(7518, 3447)
(7519, 3446)
(7520, 3445)
(7520, 3444)
(7521, 3445)
(7522, 3444)
(7522, 3443)
(7522, 3442)
(7523, 3441)
(7522, 3440)
(7522, 3439)
(7522, 3438)
(7522, 3437)
(7523, 3437)
(7524, 3437)
(7525, 3437)
(7525, 3436)
(7526, 3436)
(7526, 3435)
(7526, 3434)
(7525, 3433)
(7524, 3432)
(7523, 3431)
(7523, 3430)
(7523, 3429)
(7522, 3429)
(7523, 3428)
(7522, 3427)
(7522, 3426)
(7521, 3425)
(7521, 3424)
(7521, 3423)
(7521, 3422)
(7520, 3421)
(7519, 3420)
(7518, 3420)
(7519, 3419)
(7519, 3418)
(7518, 3418)
(7517, 3417)
(7516, 3417)
(7515, 3416)
(7514, 3415)
(7515, 3414)
(7515, 3413)
(7514, 3413)
(7513, 3413)
(7512, 3413)
(7511, 3412)
(7510, 3411)
(7509, 3410)
(7509, 3409)
(7509, 3408)
(7510, 3407)
(7510, 3406)
(7511, 3405)
(7511, 3404)
(7512, 3403)
(7513, 3402)
(7513, 3401)
(7513, 3400)
(7514, 3399)
(7515, 3398)
(7516, 3397)
(7517, 3396)
(7517, 3395)
(7518, 3394)
(7518, 3395)
(7519, 3395)
(7520, 3395)
(7521, 3394)
(7521, 3393)
(7522, 3392)
(7522, 3391)
(7523, 3390)
(7522, 3389)
(7522, 3388)
(7521, 3387)
(7520, 3386)
(7519, 3385)
(7520, 3384)
(7520, 3383)
(7521, 3382)
(7521, 3381)
(7520, 3380)
(7519, 3379)
(7518, 3378)
(7517, 3377)
(7516, 3376)
(7517, 3375)
(7516, 3375)
(7516, 3374)
(7515, 3373)
(7514, 3372)
(7515, 3371)
(7516, 3370)
(7517, 3369)
(7518, 3368)
(7519, 3367)
(7519, 3366)
(7519, 3365)
(7519, 3364)
(7518, 3363)
(7518, 3362)
(7519, 3361)
(7520, 3360)
(7521, 3359)
(7521, 3358)
(7521, 3357)
(7522, 3356)
(7523, 3355)
(7524, 3355)
(7523, 3354)
(7522, 3353)
(7521, 3352)
(7520, 3351)
(7520, 3350)
(7519, 3349)
(7519, 3348)
(7518, 3347)
(7519, 3346)
(7518, 3345)
(7519, 3344)
(7520, 3343)
(7521, 3342)
(7521, 3341)
(7521, 3340)
(7521, 3339)
(7520, 3339)
(7521, 3338)
(7520, 3338)
(7521, 3337)
(7521, 3336)
(7522, 3335)
(7521, 3334)
(7521, 3333)
(7520, 3332)
(7520, 3331)
(7520, 3330)
(7521, 3329)
(7521, 3330)
(7522, 3329)
(7522, 3330)
(7523, 3330)
(7523, 3329)
(7524, 3329)
(7525, 3328)
(7525, 3327)
(7526, 3326)
(7526, 3325)
(7526, 3324)
(7527, 3323)
(7528, 3324)
(7529, 3323)
(7529, 3322)
(7530, 3322)
(7531, 3321)
(7531, 3320)
(7530, 3319)
(7529, 3318)
(7528, 3318)
(7529, 3317)
(7529, 3316)
(7528, 3315)
(7528, 3314)
(7528, 3313)
(7529, 3312)
(7529, 3313)
(7530, 3312)
(7530, 3313)
(7531, 3312)
(7531, 3311)
(7532, 3311)
(7533, 3311)
(7534, 3311)
(7535, 3310)
(7536, 3309)
(7536, 3308)
(7536, 3307)
(7535, 3306)
(7535, 3305)
(7535, 3304)
(7534, 3303)
(7533, 3302)
(7533, 3301)
(7533, 3300)
(7534, 3301)
(7534, 3300)
(7534, 3299)
(7535, 3298)
(7535, 3297)
(7536, 3297)
(7536, 3296)
(7537, 3295)
(7537, 3296)
(7538, 3295)
(7538, 3296)
(7539, 3296)
(7540, 3296)
(7541, 3296)
(7542, 3295)
(7542, 3294)
(7542, 3293)
(7541, 3292)
(7541, 3291)
(7542, 3291)
(7543, 3290)
(7543, 3289)
(7543, 3288)
(7543, 3287)
(7544, 3286)
(7544, 3285)
(7543, 3284)
(7542, 3283)
(7542, 3282)
(7542, 3281)
(7542, 3280)
(7543, 3279)
(7544, 3279)
(7544, 3278)
(7544, 3277)
(7543, 3276)
(7544, 3276)
(7545, 3277)
(7546, 3277)
(7547, 3276)
(7547, 3275)
(7548, 3274)
(7547, 3273)
(7546, 3272)
(7545, 3271)
(7544, 3270)
(7543, 3270)
(7542, 3269)
(7541, 3268)
(7542, 3267)
(7541, 3267)
(7540, 3267)
(7539, 3266)
(7538, 3265)
(7538, 3264)
(7539, 3263)
(7538, 3262)
(7538, 3261)
(7538, 3260)
(7539, 3259)
(7538, 3258)
(7538, 3257)
(7539, 3258)
(7540, 3257)
(7540, 3256)
(7541, 3257)
(7542, 3258)
(7543, 3257)
(7543, 3256)
(7543, 3255)
(7543, 3254)
(7543, 3253)
(7544, 3253)
(7545, 3253)
(7546, 3252)
(7546, 3251)
(7547, 3250)
(7547, 3249)
(7546, 3248)
(7546, 3247)
(7546, 3246)
(7546, 3245)
(7546, 3244)
(7546, 3243)
(7547, 3242)
(7547, 3243)
(7548, 3243)
(7549, 3242)
(7549, 3241)
(7549, 3240)
(7550, 3240)
(7551, 3240)
(7551, 3239)
(7551, 3238)
(7550, 3237)
(7551, 3236)
(7552, 3235)
(7553, 3234)
(7554, 3233)
(7555, 3233)
(7555, 3232)
(7556, 3232)
(7557, 3232)
(7558, 3231)
(7558, 3230)
(7559, 3230)
(7560, 3229)
(7560, 3228)
(7561, 3228)
(7562, 3227)
(7562, 3226)
(7563, 3225)
(7564, 3224)
(7564, 3225)
(7565, 3224)
(7565, 3223)
(7565, 3222)
(7566, 3222)
(7567, 3223)
(7567, 3222)
(7567, 3221)
(7567, 3220)
(7567, 3219)
(7568, 3220)
(7569, 3220)
(7570, 3220)
(7570, 3219)
(7570, 3218)
(7571, 3218)
(7571, 3219)
(7572, 3220)
(7573, 3219)
(7573, 3218)
(7573, 3217)
(7574, 3216)
(7574, 3217)
(7575, 3216)
(7576, 3215)
(7577, 3215)
(7577, 3216)
(7577, 3217)
(7578, 3216)
(7578, 3217)
(7579, 3216)
(7579, 3217)
(7580, 3217)
(7581, 3218)
(7582, 3218)
(7583, 3218)
(7584, 3217)
(7583, 3216)
(7583, 3215)
(7582, 3214)
(7583, 3214)
(7584, 3213)
(7585, 3212)
(7584, 3211)
(7585, 3210)
(7585, 3209)
(7585, 3208)
(7584, 3207)
(7584, 3206)
(7584, 3205)
(7585, 3204)
(7585, 3203)
(7585, 3202)
(7586, 3202)
(7587, 3203)
(7588, 3202)
(7588, 3201)
(7588, 3200)
(7589, 3200)
(7589, 3199)
(7590, 3199)
(7591, 3198)
(7592, 3197)
(7592, 3196)
(7593, 3195)
(7593, 3194)
(7593, 3193)
(7594, 3192)
(7595, 3191)
(7595, 3192)
(7596, 3191)
(7596, 3190)
(7597, 3189)
(7597, 3190)
(7598, 3190)
(7599, 3189)
(7599, 3190)
(7600, 3189)
(7601, 3188)
(7602, 3187)
(7602, 3188)
(7603, 3187)
(7604, 3186)
(7603, 3185)
(7603, 3184)
(7604, 3183)
(7605, 3182)
(7605, 3181)
(7606, 3180)
(7607, 3179)
(7606, 3178)
(7605, 3177)
(7604, 3176)
(7603, 3175)
(7602, 3174)
(7601, 3173)
(7600, 3172)
(7601, 3171)
(7601, 3170)
(7600, 3169)
(7600, 3168)
(7601, 3168)
(7602, 3167)
(7602, 3166)
(7601, 3165)
(7600, 3164)
(7599, 3163)
(7598, 3162)
(7598, 3161)
(7597, 3160)
(7596, 3159)
(7595, 3158)
(7594, 3157)
(7593, 3156)
(7592, 3155)
(7592, 3154)
(7592, 3153)
(7593, 3152)
(7594, 3151)
(7594, 3150)
(7594, 3149)
(7595, 3148)
(7596, 3147)
(7595, 3146)
(7594, 3145)
(7594, 3144)
(7594, 3143)
(7593, 3142)
(7592, 3141)
(7592, 3140)
(7593, 3139)
(7593, 3138)
(7594, 3137)
(7594, 3136)
(7594, 3135)
(7594, 3134)
(7595, 3133)
(7596, 3133)
(7596, 3134)
(7596, 3135)
(7596, 3136)
(7597, 3136)
(7598, 3135)
(7598, 3134)
(7598, 3133)
(7598, 3132)
(7598, 3131)
(7598, 3130)
(7598, 3129)
(7599, 3128)
(7600, 3128)
(7600, 3127)
(7601, 3127)
(7602, 3126)
(7603, 3125)
(7602, 3124)
(7601, 3124)
(7601, 3123)
(7601, 3122)
(7601, 3121)
(7601, 3120)
(7601, 3119)
(7602, 3119)
(7603, 3118)
(7604, 3117)
(7603, 3116)
(7602, 3115)
(7603, 3114)
(7603, 3113)
(7603, 3112)
(7604, 3111)
(7604, 3110)
(7605, 3109)
(7605, 3108)
(7606, 3107)
(7607, 3106)
(7606, 3106)
(7607, 3105)
(7607, 3104)
(7607, 3103)
(7607, 3102)
(7608, 3101)
(7608, 3100)
(7608, 3099)
(7609, 3098)
(7610, 3098)
(7611, 3097)
(7611, 3096)
(7612, 3096)
(7613, 3095)
(7613, 3094)
(7613, 3093)
(7613, 3092)
(7614, 3092)
(7615, 3091)
(7615, 3090)
(7616, 3090)
(7617, 3089)
(7617, 3088)
(7616, 3087)
(7616, 3086)
(7616, 3085)
(7616, 3084)
(7615, 3083)
(7614, 3083)
(7615, 3082)
(7614, 3081)
(7613, 3081)
(7612, 3080)
(7611, 3079)
(7610, 3079)
(7611, 3078)
(7611, 3077)
(7611, 3076)
(7610, 3075)
(7609, 3074)
(7608, 3073)
(7607, 3072)
(7607, 3071)
(7608, 3070)
(7609, 3069)
(7610, 3068)
(7610, 3067)
(7610, 3066)
(7611, 3065)
(7611, 3064)
(7611, 3063)
(7612, 3062)
(7612, 3061)
(7612, 3060)
(7613, 3059)
(7614, 3058)
(7614, 3057)
(7614, 3056)
(7614, 3055)
(7615, 3055)
(7616, 3054)
(7617, 3053)
(7618, 3052)
(7618, 3051)
(7619, 3051)
(7620, 3050)
(7621, 3049)
(7620, 3048)
(7620, 3047)
(7621, 3046)
(7621, 3045)
(7620, 3044)
(7620, 3043)
(7621, 3042)
(7621, 3041)
(7621, 3040)
(7621, 3039)
(7622, 3038)
(7623, 3038)
(7624, 3037)
(7624, 3036)
(7624, 3035)
(7625, 3034)
(7625, 3035)
(7626, 3034)
(7626, 3033)
(7627, 3032)
(7627, 3031)
(7626, 3030)
(7626, 3029)
(7625, 3028)
(7625, 3027)
(7624, 3026)
(7623, 3025)
(7622, 3024)
(7621, 3023)
(7620, 3022)
(7620, 3021)
(7621, 3021)
(7621, 3020)
(7622, 3019)
(7622, 3020)
(7623, 3019)
(7623, 3020)
(7624, 3019)
(7625, 3018)
(7626, 3017)
(7626, 3016)
(7627, 3015)
(7628, 3015)
(7629, 3015)
(7630, 3014)
(7631, 3013)
(7630, 3012)
(7629, 3012)
(7630, 3011)
(7631, 3010)
(7632, 3010)
(7633, 3009)
(7633, 3008)
(7632, 3007)
(7632, 3006)
(7631, 3005)
(7632, 3005)
(7632, 3004)
(7632, 3003)
(7633, 3002)
(7633, 3003)
(7634, 3003)
(7635, 3002)
(7635, 3001)
(7635, 3000)
(7635, 2999)
(7635, 2998)
(7636, 2997)
(7637, 2996)
(7637, 2995)
(7638, 2995)
(7639, 2994)
(7640, 2995)
(7641, 2994)
(7642, 2993)
(7643, 2992)
(7643, 2991)
(7644, 2991)
(7645, 2990)
(7646, 2989)
(7646, 2990)
(7647, 2989)
(7648, 2988)
(7648, 2987)
(7647, 2986)
(7647, 2985)
(7647, 2984)
(7648, 2983)
(7648, 2982)
(7648, 2981)
(7648, 2980)
(7648, 2979)
(7648, 2978)
(7648, 2977)
(7649, 2976)
(7650, 2976)
(7651, 2977)
(7652, 2976)
(7652, 2975)
(7652, 2974)
(7652, 2973)
(7652, 2972)
(7653, 2971)
(7653, 2970)
(7653, 2969)
(7654, 2970)
(7655, 2969)
(7656, 2968)
(7656, 2967)
(7657, 2967)
(7657, 2966)
(7656, 2965)
(7656, 2964)
(7656, 2963)
(7655, 2962)
(7656, 2961)
(7655, 2960)
(7656, 2959)
(7656, 2958)
(7657, 2958)
(7658, 2958)
(7659, 2957)
(7660, 2958)
(7661, 2957)
(7661, 2956)
(7662, 2956)
(7663, 2955)
(7664, 2954)
(7665, 2953)
(7666, 2952)
(7665, 2951)
(7664, 2950)
(7663, 2949)
(7662, 2948)
(7661, 2947)
(7660, 2946)
(7661, 2945)
(7661, 2944)
(7660, 2943)
(7661, 2942)
(7661, 2941)
(7660, 2940)
(7660, 2939)
(7659, 2938)
(7658, 2937)
(7657, 2936)
(7658, 2936)
(7659, 2935)
(7658, 2934)
(7658, 2933)
(7658, 2932)
(7659, 2931)
(7659, 2930)
(7658, 2929)
(7659, 2928)
(7660, 2927)
(7659, 2926)
(7660, 2925)
(7660, 2924)
(7660, 2923)
(7661, 2922)
(7662, 2921)
(7662, 2920)
(7661, 2919)
(7662, 2918)
(7662, 2917)
(7663, 2917)
(7664, 2916)
(7665, 2915)
(7666, 2914)
(7666, 2913)
(7666, 2912)
(7667, 2911)
(7667, 2910)
(7668, 2909)
(7669, 2908)
(7670, 2907)
(7671, 2906)
(7670, 2905)
(7669, 2904)
(7668, 2903)
(7669, 2903)
(7670, 2902)
(7671, 2902)
(7672, 2901)
(7672, 2900)
(7673, 2899)
(7674, 2898)
(7674, 2897)
(7674, 2896)
(7675, 2895)
(7675, 2894)
(7675, 2893)
(7674, 2892)
(7674, 2891)
(7675, 2890)
(7675, 2889)
(7676, 2888)
(7676, 2887)
(7676, 2886)
(7677, 2885)
(7677, 2886)
(7677, 2887)
(7678, 2886)
(7678, 2885)
(7679, 2884)
(7679, 2883)
(7678, 2882)
(7678, 2881)
(7679, 2880)
(7679, 2879)
(7679, 2878)
(7679, 2877)
(7679, 2876)
(7680, 2876)
(7680, 2875)
(7681, 2875)
(7682, 2875)
(7683, 2875)
(7684, 2874)
(7684, 2873)
(7684, 2872)
(7684, 2871)
(7685, 2870)
(7685, 2871)
(7686, 2871)
(7687, 2871)
(7688, 2870)
(7688, 2869)
(7689, 2868)
(7689, 2867)
(7689, 2866)
(7689, 2865)
(7690, 2866)
(7691, 2867)
(7692, 2868)
(7693, 2867)
(7694, 2866)
(7695, 2865)
(7696, 2864)
(7697, 2863)
(7697, 2862)
(7696, 2861)
(7696, 2860)
(7696, 2859)
(7697, 2858)
(7697, 2857)
(7698, 2856)
(7698, 2857)
(7699, 2857)
(7699, 2858)
(7700, 2857)
(7700, 2858)
(7701, 2858)
(7701, 2859)
(7702, 2859)
(7703, 2859)
(7704, 2859)
(7705, 2858)
(7706, 2857)
(7706, 2856)
(7707, 2856)
(7708, 2855)
(7708, 2854)
(7708, 2853)
(7709, 2854)
(7710, 2854)
(7710, 2855)
(7711, 2854)
(7712, 2853)
(7713, 2852)
(7714, 2851)
(7714, 2850)
(7714, 2849)
(7715, 2848)
(7715, 2847)
(7716, 2846)
(7717, 2846)
(7717, 2845)
(7718, 2844)
(7718, 2845)
(7719, 2844)
(7720, 2843)
(7720, 2842)
(7720, 2841)
(7720, 2840)
(7720, 2839)
(7719, 2838)
(7719, 2837)
(7720, 2836)
(7721, 2835)
(7721, 2834)
(7722, 2833)
(7721, 2832)
(7720, 2831)
(7721, 2830)
(7722, 2830)
(7723, 2829)
(7723, 2828)
(7723, 2827)
(7724, 2826)
(7724, 2825)
(7725, 2824)
(7726, 2824)
(7725, 2823)
(7724, 2822)
(7724, 2821)
(7725, 2822)
(7726, 2821)
(7725, 2820)
(7724, 2819)
(7723, 2818)
(7722, 2817)
(7721, 2816)
(7720, 2815)
(7719, 2815)
(7718, 2815)
(7718, 2814)
(7717, 2813)
(7717, 2812)
(7717, 2811)
(7718, 2810)
(7718, 2811)
(7719, 2810)
(7719, 2811)
(7720, 2811)
(7721, 2810)
(7722, 2809)
(7722, 2808)
(7722, 2807)
(7723, 2807)
(7724, 2807)
(7724, 2806)
(7724, 2805)
(7724, 2804)
(7725, 2805)
(7726, 2806)
(7727, 2805)
(7727, 2804)
(7728, 2803)
(7727, 2802)
(7728, 2801)
(7728, 2800)
(7728, 2799)
(7729, 2798)
(7730, 2797)
(7729, 2796)
(7730, 2795)
(7731, 2794)
(7732, 2793)
(7732, 2792)
(7732, 2791)
(7733, 2791)
(7733, 2792)
(7734, 2792)
(7734, 2793)
(7734, 2794)
(7735, 2795)
(7736, 2794)
(7736, 2793)
(7737, 2793)
(7738, 2793)
(7739, 2793)
(7739, 2792)
(7740, 2793)
(7741, 2792)
(7742, 2793)
(7743, 2792)
(7744, 2791)
(7744, 2790)
(7745, 2789)
(7746, 2788)
(7747, 2787)
(7747, 2786)
(7747, 2785)
(7747, 2784)
(7746, 2783)
(7745, 2782)
(7746, 2781)
(7746, 2782)
(7747, 2781)
(7748, 2780)
(7748, 2779)
(7749, 2779)
(7750, 2778)
(7750, 2777)
(7750, 2776)
(7750, 2775)
(7750, 2774)
(7750, 2773)
(7750, 2772)
(7750, 2771)
(7750, 2770)
(7750, 2769)
(7751, 2770)
(7752, 2771)
(7753, 2772)
(7754, 2771)
(7755, 2771)
(7756, 2771)
(7757, 2771)
(7758, 2770)
(7758, 2769)
(7757, 2769)
(7758, 2768)
(7757, 2767)
(7757, 2766)
(7758, 2765)
(7758, 2764)
(7758, 2763)
(7758, 2762)
(7759, 2762)
(7760, 2762)
(7761, 2763)
(7762, 2763)
(7763, 2762)
(7763, 2761)
(7763, 2760)
(7764, 2759)
(7765, 2758)
(7766, 2757)
(7767, 2756)
(7768, 2755)
(7769, 2754)
(7769, 2753)
(7769, 2752)
(7768, 2751)
(7769, 2750)
(7769, 2749)
(7769, 2748)
(7769, 2747)
(7769, 2746)
(7770, 2745)
(7770, 2746)
(7771, 2745)
(7771, 2744)
(7772, 2744)
(7773, 2743)
(7774, 2742)
(7773, 2741)
(7773, 2740)
(7773, 2739)
(7772, 2738)
(7772, 2737)
(7773, 2737)
(7773, 2736)
(7774, 2735)
(7775, 2734)
(7775, 2735)
(7775, 2736)
(7776, 2736)
(7777, 2735)
(7778, 2734)
(7777, 2733)
(7777, 2732)
(7776, 2731)
(7777, 2730)
(7777, 2729)
(7778, 2728)
(7778, 2727)
(7778, 2726)
(7779, 2725)
(7780, 2724)
(7781, 2723)
(7782, 2722)
(7782, 2721)
(7783, 2720)
(7782, 2719)
(7781, 2718)
(7780, 2717)
(7780, 2716)
(7780, 2715)
(7780, 2714)
(7779, 2713)
(7779, 2712)
(7780, 2711)
(7780, 2710)
(7779, 2709)
(7779, 2708)
(7780, 2707)
(7779, 2706)
(7779, 2705)
(7780, 2704)
(7780, 2703)
(7780, 2702)
(7780, 2701)
(7779, 2700)
(7778, 2699)
(7777, 2698)
(7777, 2697)
(7776, 2696)
(7775, 2695)
(7774, 2695)
(7774, 2694)
(7775, 2693)
(7776, 2692)
(7776, 2691)
(7776, 2690)
(7776, 2689)
(7776, 2688)
(7776, 2687)
(7776, 2686)
(7776, 2685)
(7775, 2684)
(7774, 2684)
(7775, 2683)
(7774, 2682)
(7773, 2681)
(7773, 2680)
(7772, 2679)
(7771, 2678)
(7770, 2677)
(7769, 2676)
(7769, 2675)
(7769, 2674)
(7770, 2674)
(7771, 2673)
(7771, 2672)
(7772, 2671)
(7772, 2670)
(7773, 2669)
(7773, 2670)
(7774, 2669)
(7775, 2669)
(7775, 2670)
(7776, 2669)
(7777, 2668)
(7777, 2667)
(7777, 2666)
(7777, 2665)
(7777, 2664)
(7776, 2663)
(7775, 2662)
(7774, 2661)
(7774, 2660)
(7775, 2660)
(7776, 2659)
(7776, 2658)
(7776, 2657)
(7777, 2656)
(7777, 2655)
(7778, 2654)
(7779, 2653)
(7778, 2653)
(7778, 2652)
(7778, 2651)
(7779, 2651)
(7780, 2650)
(7780, 2649)
(7781, 2648)
(7781, 2647)
(7781, 2646)
(7781, 2645)
(7782, 2644)
(7782, 2645)
(7783, 2644)
(7783, 2645)
(7784, 2644)
(7784, 2645)
(7785, 2644)
(7786, 2643)
(7787, 2642)
(7787, 2641)
(7787, 2640)
(7788, 2639)
(7789, 2638)
(7789, 2637)
(7789, 2636)
(7789, 2635)
(7789, 2634)
(7789, 2633)
(7790, 2632)
(7789, 2631)
(7789, 2630)
(7790, 2629)
(7791, 2628)
(7790, 2627)
(7790, 2626)
(7790, 2625)
(7790, 2624)
(7790, 2623)
(7790, 2622)
(7791, 2621)
(7791, 2622)
(7792, 2621)
(7792, 2620)
(7793, 2621)
(7794, 2622)
(7795, 2621)
(7795, 2620)
(7795, 2619)
(7795, 2618)
(7795, 2617)
(7796, 2617)
(7797, 2616)
(7798, 2615)
(7798, 2614)
(7798, 2613)
(7798, 2612)
(7798, 2611)
(7798, 2610)
(7798, 2609)
(7797, 2608)
(7796, 2607)
(7795, 2606)
(7794, 2605)
(7793, 2604)
(7792, 2603)
(7792, 2602)
(7793, 2601)
(7794, 2601)
(7795, 2600)
(7795, 2599)
(7796, 2598)
(7795, 2597)
(7795, 2596)
(7794, 2595)
(7793, 2594)
(7792, 2593)
(7793, 2592)
(7793, 2591)
(7792, 2590)
(7792, 2589)
(7792, 2588)
(7792, 2587)
(7792, 2586)
(7791, 2585)
(7791, 2584)
(7792, 2583)
(7793, 2582)
(7794, 2581)
(7795, 2580)
(7796, 2580)
(7797, 2579)
(7797, 2578)
(7797, 2577)
(7798, 2577)
(7799, 2577)
(7799, 2576)
(7799, 2575)
(7799, 2574)
(7799, 2573)
(7799, 2572)
(7799, 2571)
(7799, 2570)
(7800, 2569)
(7801, 2568)
(7801, 2569)
(7802, 2568)
(7802, 2569)
(7803, 2568)
(7803, 2569)
(7804, 2568)
(7804, 2569)
(7805, 2569)
(7806, 2568)
(7806, 2567)
(7807, 2568)
(7808, 2568)
(7809, 2569)
(7810, 2569)
(7811, 2569)
(7812, 2569)
(7813, 2568)
(7813, 2567)
(7813, 2566)
(7812, 2565)
(7812, 2564)
(7811, 2563)
(7811, 2562)
(7811, 2561)
(7811, 2560)
(7811, 2559)
(7812, 2560)
(7813, 2560)
(7813, 2559)
(7813, 2558)
(7814, 2559)
(7815, 2560)
(7816, 2560)
(7817, 2560)
(7817, 2559)
(7818, 2558)
(7817, 2557)
(7817, 2556)
(7817, 2555)
(7818, 2554)
(7818, 2553)
(7819, 2552)
(7820, 2551)
(7820, 2550)
(7821, 2550)
(7822, 2550)
(7823, 2549)
(7824, 2548)
(7825, 2547)
(7824, 2547)
(7825, 2546)
(7825, 2545)
(7826, 2544)
(7825, 2544)
(7826, 2543)
(7826, 2542)
(7827, 2541)
(7828, 2540)
(7828, 2541)
(7829, 2540)
(7829, 2539)
(7830, 2538)
(7830, 2537)
(7829, 2537)
(7828, 2537)
(7829, 2536)
(7830, 2535)
(7830, 2534)
(7829, 2534)
(7830, 2533)
(7830, 2532)
(7830, 2531)
(7829, 2530)
(7828, 2529)
(7828, 2528)
(7829, 2527)
(7829, 2526)
(7830, 2525)
(7830, 2524)
(7830, 2523)
(7831, 2522)
(7832, 2521)
(7832, 2520)
(7832, 2519)
(7833, 2518)
(7834, 2517)
(7835, 2516)
(7835, 2515)
(7834, 2514)
(7833, 2513)
(7832, 2512)
(7831, 2511)
(7830, 2510)
(7829, 2509)
(7830, 2509)
(7831, 2508)
(7832, 2507)
(7832, 2506)
(7832, 2505)
(7833, 2504)
(7833, 2505)
(7834, 2505)
(7835, 2504)
(7835, 2503)
(7836, 2502)
(7837, 2501)
(7837, 2502)
(7838, 2501)
(7838, 2502)
(7839, 2501)
(7840, 2500)
(7841, 2499)
(7842, 2498)
(7842, 2499)
(7843, 2498)
(7844, 2498)
(7844, 2499)
(7845, 2498)
(7846, 2497)
(7846, 2496)
(7847, 2496)
(7847, 2495)
(7848, 2496)
(7849, 2495)
(7850, 2495)
(7851, 2494)
(7851, 2493)
(7851, 2492)
(7852, 2492)
(7853, 2492)
(7854, 2492)
(7855, 2492)
(7856, 2491)
(7856, 2492)
(7857, 2491)
(7857, 2490)
(7858, 2489)
(7859, 2488)
(7859, 2487)
(7859, 2486)
(7858, 2486)
(7859, 2485)
(7859, 2484)
(7859, 2483)
(7858, 2483)
(7859, 2482)
(7859, 2481)
(7858, 2480)
(7857, 2479)
(7858, 2478)
(7858, 2479)
(7859, 2478)
(7860, 2477)
(7860, 2476)
(7861, 2475)
(7861, 2476)
(7862, 2475)
(7862, 2476)
(7863, 2475)
(7864, 2474)
(7865, 2473)
(7866, 2472)
(7866, 2471)
(7867, 2471)
(7868, 2470)
(7868, 2469)
(7868, 2468)
(7867, 2467)
(7868, 2466)
(7869, 2465)
(7870, 2464)
(7871, 2463)
(7872, 2462)
(7872, 2461)
(7873, 2460)
(7874, 2459)
(7875, 2458)
(7874, 2457)
(7874, 2456)
(7875, 2455)
(7874, 2454)
(7873, 2454)
(7874, 2453)
(7873, 2452)
(7873, 2451)
(7872, 2450)
(7871, 2449)
(7870, 2449)
(7869, 2449)
(7868, 2448)
(7867, 2447)
(7866, 2447)
(7865, 2446)
(7864, 2446)
(7863, 2446)
(7863, 2445)
(7863, 2444)
(7863, 2443)
(7862, 2442)
(7862, 2441)
(7862, 2440)
(7863, 2439)
(7863, 2438)
(7863, 2437)
(7864, 2436)
(7865, 2435)
(7864, 2435)
(7864, 2434)
(7863, 2434)
(7862, 2434)
(7863, 2433)
(7864, 2432)
(7863, 2432)
(7862, 2432)
(7861, 2431)
(7860, 2430)
(7861, 2429)
(7861, 2428)
(7861, 2427)
(7861, 2426)
(7861, 2425)
(7861, 2424)
(7861, 2423)
(7862, 2422)
(7862, 2421)
(7862, 2420)
(7863, 2419)
(7864, 2419)
(7865, 2420)
(7866, 2421)
(7867, 2422)
(7867, 2421)
(7868, 2421)
(7869, 2420)
(7870, 2419)
(7871, 2418)
(7872, 2417)
(7873, 2416)
(7874, 2415)
(7875, 2414)
(7876, 2413)
(7877, 2412)
(7878, 2411)
(7879, 2410)
(7879, 2409)
(7879, 2408)
(7879, 2407)
(7879, 2406)
(7880, 2407)
(7881, 2406)
(7881, 2405)
(7882, 2405)
(7883, 2404)
(7882, 2403)
(7882, 2402)
(7882, 2401)
(7882, 2400)
(7883, 2399)
(7884, 2398)
(7884, 2397)
(7884, 2396)
(7884, 2395)
(7884, 2394)
(7885, 2393)
(7885, 2394)
(7886, 2393)
(7886, 2394)
(7887, 2393)
(7888, 2392)
(7888, 2391)
(7889, 2390)
(7889, 2391)
(7890, 2391)
(7891, 2391)
(7892, 2390)
(7892, 2389)
(7893, 2389)
(7894, 2388)
(7894, 2387)
(7895, 2386)
(7895, 2385)
(7896, 2384)
(7896, 2383)
(7896, 2382)
(7895, 2382)
(7895, 2381)
(7895, 2380)
(7895, 2379)
(7896, 2379)
(7897, 2378)
(7897, 2377)
(7897, 2376)
(7896, 2375)
(7897, 2374)
(7897, 2373)
(7898, 2373)
(7898, 2372)
(7899, 2371)
(7898, 2370)
(7899, 2369)
(7900, 2368)
(7900, 2369)
(7901, 2369)
(7902, 2368)
(7902, 2367)
(7903, 2366)
(7904, 2365)
(7904, 2364)
(7905, 2363)
(7906, 2362)
(7907, 2361)
(7907, 2360)
(7908, 2359)
(7909, 2358)
(7910, 2357)
(7910, 2358)
(7911, 2358)
(7912, 2357)
(7913, 2357)
(7914, 2356)
(7914, 2355)
(7915, 2354)
(7915, 2355)
(7916, 2354)
(7916, 2353)
(7916, 2352)
(7916, 2351)
(7916, 2350)
(7916, 2349)
(7916, 2348)
(7916, 2347)
(7915, 2346)
(7914, 2345)
(7913, 2344)
(7913, 2343)
(7912, 2342)
(7911, 2341)
(7910, 2340)
(7910, 2339)
(7910, 2338)
(7909, 2337)
(7909, 2336)
(7908, 2335)
(7907, 2334)
(7908, 2333)
(7908, 2334)
(7909, 2333)
(7910, 2332)
(7909, 2331)
(7908, 2330)
(7907, 2329)
(7907, 2328)
(7907, 2327)
(7907, 2326)
(7906, 2325)
(7905, 2324)
(7906, 2323)
(7907, 2322)
(7907, 2321)
(7907, 2320)
(7906, 2319)
(7905, 2318)
(7906, 2317)
(7905, 2316)
(7905, 2315)
(7904, 2314)
(7905, 2313)
(7905, 2312)
(7904, 2311)
(7905, 2310)
(7905, 2309)
(7906, 2308)
(7906, 2307)
(7905, 2306)
(7905, 2305)
(7904, 2304)
(7904, 2303)
(7904, 2302)
(7905, 2301)
(7906, 2300)
(7906, 2299)
(7906, 2298)
(7906, 2297)
(7906, 2296)
(7906, 2295)
(7905, 2294)
(7905, 2293)
(7905, 2292)
(7905, 2291)
(7906, 2291)
(7906, 2290)
(7906, 2289)
(7906, 2288)
(7905, 2287)
(7904, 2286)
(7904, 2287)
(7905, 2286)
(7905, 2285)
(7906, 2285)
(7907, 2284)
(7908, 2283)
(7909, 2282)
(7909, 2281)
(7908, 2280)
(7907, 2279)
(7908, 2278)
(7907, 2277)
(7907, 2276)
(7907, 2275)
(7907, 2274)
(7907, 2273)
(7908, 2272)
(7908, 2271)
(7908, 2270)
(7908, 2269)
(7909, 2270)
(7910, 2269)
(7911, 2270)
(7912, 2271)
(7913, 2270)
(7914, 2270)
(7915, 2269)
(7915, 2268)
(7916, 2267)
(7916, 2266)
(7916, 2265)
(7915, 2264)
(7915, 2263)
(7915, 2262)
(7915, 2261)
(7915, 2260)
(7914, 2259)
(7913, 2258)
(7912, 2257)
(7911, 2257)
(7912, 2256)
(7911, 2255)
(7911, 2254)
(7911, 2253)
(7912, 2252)
(7913, 2251)
(7914, 2250)
(7914, 2249)
(7914, 2248)
(7914, 2247)
(7915, 2247)
(7916, 2247)
(7916, 2246)
(7917, 2246)
(7917, 2245)
(7918, 2244)
(7918, 2245)
(7919, 2244)
(7920, 2243)
(7921, 2242)
(7921, 2241)
(7922, 2240)
(7922, 2239)
(7923, 2240)
(7924, 2240)
(7925, 2239)
(7925, 2238)
(7925, 2237)
(7925, 2236)
(7925, 2235)
(7926, 2235)
(7927, 2234)
(7927, 2233)
(7927, 2232)
(7928, 2231)
(7928, 2230)
(7929, 2230)
(7929, 2229)
(7929, 2228)
(7929, 2227)
(7930, 2228)
(7930, 2227)
(7930, 2226)
(7931, 2225)
(7932, 2224)
(7932, 2223)
(7932, 2222)
(7931, 2221)
(7930, 2220)
(7930, 2219)
(7930, 2218)
(7931, 2217)
(7932, 2217)
(7933, 2217)
(7933, 2216)
(7933, 2215)
(7934, 2214)
(7934, 2213)
(7934, 2212)
(7934, 2211)
(7934, 2210)
(7934, 2209)
(7933, 2208)
(7932, 2207)
(7932, 2206)
(7931, 2205)
(7931, 2204)
(7931, 2203)
(7931, 2202)
(7931, 2201)
(7932, 2202)
(7933, 2201)
(7933, 2200)
(7934, 2200)
(7934, 2199)
(7935, 2198)
(7935, 2199)
(7936, 2198)
(7937, 2197)
(7937, 2198)
(7938, 2197)
(7939, 2196)
(7940, 2195)
(7939, 2194)
(7938, 2194)
(7939, 2193)
(7938, 2193)
(7937, 2193)
(7936, 2192)
(7935, 2191)
(7934, 2190)
(7933, 2189)
(7932, 2188)
(7932, 2187)
(7932, 2186)
(7931, 2185)
(7930, 2184)
(7931, 2184)
(7932, 2183)
(7933, 2182)
(7933, 2181)
(7933, 2180)
(7933, 2179)
(7934, 2180)
(7935, 2179)
(7936, 2179)
(7937, 2180)
(7938, 2180)
(7939, 2179)
(7939, 2178)
(7940, 2178)
(7940, 2177)
(7941, 2176)
(7941, 2175)
(7941, 2174)
(7941, 2173)
(7942, 2172)
(7942, 2171)
(7942, 2170)
(7941, 2170)
(7940, 2169)
(7940, 2168)
(7941, 2167)
(7942, 2166)
(7943, 2165)
(7943, 2164)
(7943, 2163)
(7942, 2162)
(7941, 2161)
(7941, 2160)
(7941, 2159)
(7941, 2158)
(7941, 2157)
(7941, 2156)
(7941, 2155)
(7941, 2154)
(7941, 2153)
(7941, 2152)
(7940, 2151)
(7939, 2150)
(7938, 2149)
(7937, 2148)
(7937, 2147)
(7937, 2146)
(7938, 2145)
(7937, 2145)
(7938, 2144)
(7939, 2143)
(7938, 2142)
(7937, 2141)
(7936, 2141)
(7935, 2141)
(7934, 2140)
(7933, 2140)
(7932, 2140)
(7931, 2140)
(7930, 2139)
(7929, 2138)
(7928, 2137)
(7928, 2136)
(7929, 2135)
(7929, 2134)
(7930, 2133)
(7930, 2132)
(7931, 2131)
(7931, 2130)
(7932, 2131)
(7933, 2130)
(7933, 2129)
(7933, 2128)
(7933, 2127)
(7933, 2126)
(7933, 2125)
(7934, 2124)
(7935, 2124)
(7936, 2123)
(7935, 2122)
(7935, 2121)
(7935, 2120)
(7935, 2119)
(7935, 2118)
(7936, 2117)
(7936, 2116)
(7936, 2115)
(7937, 2116)
(7938, 2116)
(7938, 2117)
(7938, 2118)
(7939, 2117)
(7940, 2116)
(7940, 2117)
(7940, 2118)
(7941, 2117)
(7942, 2116)
(7943, 2116)
(7944, 2115)
(7945, 2114)
(7945, 2113)
(7945, 2112)
(7946, 2112)
(7947, 2111)
(7947, 2110)
(7948, 2111)
(7949, 2110)
(7949, 2109)
(7950, 2108)
(7950, 2107)
(7950, 2106)
(7950, 2105)
(7951, 2104)
(7952, 2104)
(7951, 2103)
(7951, 2102)
(7951, 2101)
(7951, 2100)
(7951, 2099)
(7951, 2098)
(7952, 2097)
(7952, 2098)
(7952, 2099)
(7953, 2100)
(7954, 2100)
(7955, 2099)
(7955, 2098)
(7954, 2097)
(7954, 2096)
(7955, 2095)
(7954, 2094)
(7955, 2093)
(7955, 2094)
(7956, 2093)
(7956, 2092)
(7956, 2091)
(7955, 2090)
(7954, 2089)
(7954, 2088)
(7955, 2088)
(7955, 2087)
(7956, 2087)
(7957, 2086)
(7957, 2085)
(7957, 2084)
(7958, 2083)
(7958, 2082)
(7959, 2081)
(7959, 2080)
(7960, 2080)
(7961, 2081)
(7961, 2082)
(7961, 2083)
(7962, 2082)
(7963, 2081)
(7964, 2080)
(7964, 2079)
(7963, 2078)
(7964, 2078)
(7965, 2077)
(7965, 2076)
(7965, 2075)
(7964, 2074)
(7963, 2073)
(7962, 2072)
(7961, 2071)
(7961, 2070)
(7961, 2069)
(7962, 2068)
(7962, 2067)
(7962, 2066)
(7963, 2065)
(7964, 2065)
(7964, 2064)
(7965, 2064)
(7965, 2065)
(7966, 2064)
(7967, 2063)
(7968, 2062)
(7968, 2061)
(7968, 2060)
(7968, 2059)
(7967, 2058)
(7968, 2057)
(7969, 2056)
(7970, 2055)
(7971, 2054)
(7972, 2053)
(7972, 2052)
(7971, 2051)
(7971, 2050)
(7972, 2050)
(7973, 2049)
(7974, 2048)
(7975, 2047)
(7975, 2046)
(7975, 2045)
(7975, 2044)
(7975, 2043)
(7975, 2042)
(7976, 2041)
(7976, 2042)
(7977, 2042)
(7978, 2043)
(7979, 2044)
(7980, 2044)
(7980, 2043)
(7980, 2042)
(7980, 2041)
(7981, 2040)
(7982, 2040)
(7982, 2039)
(7982, 2038)
(7983, 2037)
(7982, 2036)
(7982, 2035)
(7983, 2034)
(7983, 2033)
(7984, 2032)
(7984, 2031)
(7984, 2030)
(7985, 2030)
(7986, 2029)
(7987, 2028)
(7987, 2027)
(7987, 2026)
(7987, 2025)
(7987, 2024)
(7987, 2023)
(7986, 2022)
(7985, 2022)
(7986, 2021)
(7985, 2020)
(7985, 2019)
(7985, 2018)
(7985, 2017)
(7984, 2016)
(7984, 2015)
(7984, 2014)
(7984, 2013)
(7984, 2012)
(7984, 2011)
(7983, 2010)
(7982, 2009)
(7981, 2008)
(7980, 2008)
(7979, 2008)
(7978, 2008)
(7977, 2008)
(7976, 2008)
(7975, 2008)
(7974, 2008)
(7973, 2007)
(7972, 2006)
(7971, 2005)
(7970, 2004)
(7969, 2003)
(7968, 2002)
(7967, 2001)
(7966, 2000)
(7965, 1999)
(7965, 1998)
(7966, 1997)
(7966, 1996)
(7966, 1995)
(7967, 1994)
(7966, 1993)
(7966, 1992)
(7967, 1991)
(7967, 1990)
(7968, 1990)
(7969, 1989)
(7970, 1988)
(7969, 1987)
(7968, 1987)
(7967, 1986)
(7967, 1985)
(7967, 1984)
(7966, 1983)
(7965, 1982)
(7964, 1981)
(7963, 1980)
(7962, 1979)
(7961, 1978)
(7960, 1977)
(7959, 1976)
(7960, 1975)
(7961, 1974)
(7962, 1973)
(7963, 1972)
(7963, 1971)
(7963, 1970)
(7963, 1969)
(7963, 1968)
(7964, 1967)
(7964, 1966)
(7964, 1965)
(7964, 1964)
(7965, 1963)
(7965, 1964)
(7966, 1963)
(7966, 1962)
(7966, 1961)
(7966, 1960)
(7967, 1960)
(7968, 1961)
(7969, 1962)
(7970, 1962)
(7971, 1963)
(7972, 1962)
(7973, 1961)
(7974, 1960)
(7974, 1959)
(7974, 1958)
(7974, 1957)
(7974, 1956)
(7974, 1955)
(7974, 1954)
(7975, 1953)
(7975, 1952)
(7975, 1951)
(7975, 1950)
(7975, 1949)
(7975, 1948)
(7976, 1948)
(7977, 1947)
(7978, 1946)
(7979, 1947)
(7980, 1947)
(7981, 1946)
(7982, 1945)
(7982, 1944)
(7982, 1943)
(7982, 1942)
(7983, 1941)
(7984, 1940)
(7985, 1939)
(7985, 1938)
(7985, 1937)
(7985, 1936)
(7985, 1935)
(7985, 1934)
(7985, 1933)
(7986, 1933)
(7987, 1932)
(7987, 1933)
(7988, 1932)
(7988, 1933)
(7989, 1932)
(7989, 1933)
(7990, 1933)
(7990, 1934)
(7991, 1933)
(7991, 1934)
(7992, 1934)
(7993, 1935)
(7994, 1935)
(7995, 1936)
(7996, 1935)
(7997, 1936)
(7998, 1935)
(7999, 1934)
(7999, 1935)
(8000, 1936)
(8001, 1936)
(8001, 1935)
(8002, 1935)
(8003, 1935)
(8004, 1935)
(8005, 1934)
(8005, 1933)
(8005, 1932)
(8006, 1933)
(8007, 1934)
(8008, 1933)
(8008, 1932)
(8008, 1931)
(8008, 1930)
(8008, 1929)
(8008, 1928)
(8007, 1927)
(8006, 1926)
(8007, 1925)
(8007, 1924)
(8006, 1923)
(8006, 1922)
(8007, 1922)
(8008, 1921)
(8007, 1920)
(8007, 1919)
(8006, 1919)
(8005, 1918)
(8006, 1918)
(8007, 1917)
(8006, 1916)
(8005, 1915)
(8006, 1914)
(8006, 1913)
(8005, 1912)
(8006, 1911)
(8005, 1910)
(8005, 1909)
(8006, 1908)
(8006, 1907)
(8006, 1906)
(8007, 1906)
(8006, 1905)
(8006, 1904)
(8006, 1903)
(8005, 1902)
(8006, 1901)
(8005, 1900)
(8006, 1899)
(8007, 1898)
(8007, 1897)
(8007, 1896)
(8006, 1895)
(8006, 1894)
(8006, 1893)
(8006, 1892)
(8007, 1892)
(8007, 1891)
(8008, 1890)
(8009, 1889)
(8009, 1888)
(8008, 1887)
(8009, 1886)
(8010, 1886)
(8010, 1887)
(8010, 1888)
(8011, 1888)
(8012, 1887)
(8013, 1886)
(8013, 1885)
(8013, 1884)
(8013, 1883)
(8014, 1882)
(8014, 1881)
(8013, 1880)
(8014, 1880)
(8015, 1879)
(8014, 1878)
(8013, 1878)
(8012, 1877)
(8013, 1876)
(8013, 1875)
(8013, 1874)
(8013, 1873)
(8014, 1872)
(8014, 1871)
(8015, 1870)
(8015, 1869)
(8015, 1868)
(8016, 1867)
(8016, 1866)
(8016, 1865)
(8016, 1864)
(8016, 1863)
(8017, 1864)
(8018, 1865)
(8019, 1864)
(8020, 1863)
(8020, 1862)
(8021, 1861)
(8021, 1862)
(8022, 1861)
(8022, 1862)
(8023, 1861)
(8023, 1860)
(8023, 1859)
(8024, 1858)
(8024, 1857)
(8024, 1856)
(8025, 1856)
(8025, 1855)
(8026, 1855)
(8027, 1854)
(8028, 1853)
(8028, 1852)
(8028, 1851)
(8028, 1850)
(8029, 1849)
(8030, 1848)
(8030, 1847)
(8030, 1846)
(8031, 1845)
(8031, 1844)
(8031, 1843)
(8031, 1842)
(8032, 1842)
(8033, 1842)
(8033, 1841)
(8034, 1842)
(8035, 1842)
(8036, 1841)
(8036, 1842)
(8037, 1841)
(8038, 1840)
(8037, 1839)
(8036, 1838)
(8035, 1838)
(8036, 1837)
(8035, 1836)
(8036, 1836)
(8037, 1835)
(8038, 1834)
(8038, 1833)
(8039, 1834)
(8040, 1833)
(8041, 1832)
(8041, 1833)
(8042, 1832)
(8042, 1831)
(8043, 1830)
(8043, 1829)
(8042, 1828)
(8042, 1827)
(8043, 1827)
(8044, 1827)
(8045, 1827)
(8046, 1826)
(8046, 1825)
(8047, 1825)
(8048, 1825)
(8049, 1824)
(8049, 1823)
(8050, 1822)
(8050, 1823)
(8050, 1824)
(8051, 1825)
(8052, 1824)
(8052, 1825)
(8053, 1824)
(8054, 1823)
(8054, 1824)
(8055, 1824)
(8056, 1823)
(8056, 1824)
(8057, 1823)
(8057, 1824)
(8058, 1823)
(8058, 1824)
(8059, 1823)
(8059, 1822)
(8059, 1821)
(8059, 1820)
(8059, 1819)
(8060, 1820)
(8061, 1820)
(8062, 1819)
(8063, 1820)
(8063, 1819)
(8064, 1819)
(8064, 1820)
(8065, 1819)
(8065, 1820)
(8066, 1821)
(8066, 1820)
(8067, 1821)
(8067, 1822)
(8068, 1822)
(8069, 1823)
(8069, 1824)
(8070, 1823)
(8071, 1822)
(8071, 1821)
(8071, 1820)
(8071, 1819)
(8071, 1818)
(8071, 1817)
(8072, 1816)
(8072, 1817)
(8073, 1816)
(8073, 1817)
(8074, 1816)
(8074, 1815)
(8075, 1814)
(8076, 1814)
(8077, 1815)
(8078, 1814)
(8078, 1815)
(8079, 1814)
(8080, 1814)
(8081, 1814)
(8082, 1813)
(8083, 1812)
(8084, 1811)
(8084, 1810)
(8083, 1809)
(8084, 1808)
(8085, 1807)
(8085, 1806)
(8085, 1805)
(8085, 1804)
(8086, 1804)
(8087, 1804)
(8087, 1805)
(8088, 1805)
(8088, 1806)
(8089, 1806)
(8089, 1807)
(8090, 1808)
(8091, 1807)
(8092, 1807)
(8093, 1807)
(8093, 1806)
(8093, 1805)
(8094, 1804)
(8094, 1803)
(8095, 1802)
(8095, 1803)
(8096, 1802)
(8096, 1803)
(8096, 1804)
(8097, 1803)
(8097, 1804)
(8097, 1805)
(8098, 1804)
(8098, 1805)
(8098, 1806)
(8099, 1807)
(8099, 1806)
(8099, 1805)
(8099, 1804)
(8100, 1803)
(8100, 1804)
(8100, 1805)
(8101, 1806)
(8101, 1805)
(8102, 1805)
(8102, 1806)
(8102, 1807)
(8103, 1806)
(8103, 1805)
(8104, 1806)
(8105, 1806)
(8106, 1805)
(8107, 1804)
(8108, 1803)
(8109, 1803)
(8110, 1802)
(8111, 1803)
(8112, 1803)
(8113, 1802)
(8113, 1803)
(8114, 1804)
(8115, 1803)
(8115, 1802)
(8116, 1803)
(8117, 1804)
(8118, 1803)
(8118, 1802)
(8118, 1801)
(8119, 1800)
(8120, 1799)
(8121, 1798)
(8122, 1797)
(8122, 1796)
(8123, 1795)
(8124, 1794)
(8125, 1793)
(8125, 1792)
(8126, 1792)
(8127, 1792)
(8128, 1792)
(8129, 1793)
(8130, 1794)
(8131, 1795)
(8132, 1795)
(8133, 1795)
(8134, 1794)
(8135, 1793)
(8135, 1792)
(8136, 1791)
(8136, 1792)
(8137, 1792)
(8138, 1791)
(8139, 1791)
(8140, 1790)
(8140, 1789)
(8141, 1788)
(8140, 1787)
(8140, 1788)
(8141, 1787)
(8142, 1786)
(8143, 1785)
(8144, 1784)
(8145, 1783)
(8145, 1782)
(8146, 1783)
(8147, 1782)
(8148, 1781)
(8148, 1780)
(8148, 1779)
(8148, 1778)
(8148, 1777)
(8148, 1776)
(8149, 1775)
(8150, 1774)
(8151, 1775)
(8151, 1774)
(8152, 1773)
(8153, 1772)
(8153, 1771)
(8154, 1772)
(8155, 1772)
(8155, 1773)
(8156, 1774)
(8156, 1775)
(8157, 1774)
(8157, 1775)
(8158, 1776)
(8159, 1777)
(8160, 1777)
(8161, 1776)
(8161, 1777)
(8162, 1777)
(8163, 1777)
(8163, 1778)
(8164, 1777)
(8164, 1778)
(8165, 1778)
(8166, 1777)
(8166, 1778)
(8167, 1777)
(8168, 1776)
(8169, 1775)
(8170, 1774)
(8171, 1773)
(8171, 1772)
(8171, 1771)
(8171, 1770)
(8171, 1769)
(8172, 1768)
(8172, 1767)
(8172, 1766)
(8172, 1765)
(8173, 1766)
(8174, 1767)
(8175, 1766)
(8175, 1765)
(8176, 1765)
(8177, 1765)
(8178, 1766)
(8179, 1767)
(8180, 1767)
(8181, 1767)
(8182, 1767)
(8183, 1766)
(8184, 1766)
(8185, 1765)
(8185, 1766)
(8186, 1765)
(8186, 1764)
(8187, 1763)
(8188, 1762)
(8188, 1763)
(8188, 1764)
(8189, 1763)
(8189, 1764)
(8189, 1765)
(8189, 1766)
(8190, 1766)
(8191, 1765)
(8192, 1764)
(8193, 1763)
(8193, 1764)
(8193, 1765)
(8193, 1766)
(8193, 1767)
(8194, 1766)
(8194, 1765)
(8195, 1765)
(8196, 1764)
(8197, 1763)
(8198, 1762)
(8198, 1763)
(8199, 1763)
(8199, 1762)
(8200, 1762)
(8201, 1761)
(8201, 1762)
(8202, 1761)
(8202, 1762)
(8202, 1763)
(8202, 1764)
(8202, 1765)
(8203, 1764)
(8204, 1763)
(8204, 1764)
(8205, 1763)
(8205, 1762)
(8206, 1761)
(8206, 1760)
(8207, 1759)
(8207, 1758)
(8208, 1757)
(8208, 1756)
(8208, 1755)
(8209, 1754)
(8209, 1755)
(8210, 1754)
(8211, 1753)
(8211, 1754)
(8212, 1754)
(8213, 1754)
(8214, 1754)
(8215, 1754)
(8216, 1754)
(8217, 1754)
(8218, 1753)
(8219, 1753)
(8220, 1754)
(8221, 1754)
(8222, 1753)
(8223, 1752)
(8224, 1751)
(8224, 1750)
(8224, 1749)
(8225, 1749)
(8226, 1749)
(8227, 1748)
(8227, 1747)
(8227, 1746)
(8227, 1745)
(8228, 1744)
(8228, 1745)
(8229, 1744)
(8229, 1745)
(8230, 1744)
(8230, 1745)
(8231, 1744)
(8231, 1745)
(8232, 1744)
(8233, 1743)
(8234, 1742)
(8235, 1741)
(8235, 1740)
(8235, 1739)
(8235, 1738)
(8235, 1737)
(8236, 1738)
(8237, 1737)
(8236, 1736)
(8236, 1735)
(8236, 1734)
(8237, 1734)
(8237, 1735)
(8238, 1735)
(8239, 1734)
(8239, 1733)
(8239, 1732)
(8240, 1732)
(8241, 1732)
(8242, 1733)
(8243, 1732)
(8244, 1731)
(8244, 1730)
(8243, 1729)
(8243, 1728)
(8244, 1727)
(8244, 1726)
(8244, 1725)
(8244, 1724)
(8244, 1723)
(8244, 1722)
(8244, 1721)
(8244, 1720)
(8244, 1719)
(8245, 1718)
(8245, 1719)
(8246, 1719)
(8247, 1718)
(8247, 1719)
(8248, 1718)
(8248, 1719)
(8249, 1719)
(8250, 1719)
(8251, 1719)
(8252, 1720)
(8253, 1720)
(8254, 1719)
(8255, 1718)
(8255, 1719)
(8256, 1718)
(8257, 1717)
(8258, 1716)
(8259, 1715)
(8260, 1714)
(8260, 1715)
(8260, 1716)
(8261, 1715)
(8261, 1716)
(8262, 1715)
(8262, 1714)
(8262, 1713)
(8262, 1712)
(8263, 1711)
(8264, 1710)
(8264, 1709)
(8265, 1709)
(8266, 1708)
(8267, 1709)
(8268, 1708)
(8269, 1707)
(8269, 1708)
(8270, 1707)
(8271, 1706)
(8272, 1705)
(8273, 1704)
(8274, 1704)
(8275, 1705)
(8275, 1706)
(8276, 1705)
(8276, 1706)
(8277, 1705)
(8278, 1704)
(8278, 1703)
(8278, 1702)
(8279, 1702)
(8279, 1701)
(8280, 1700)
(8280, 1701)
(8281, 1700)
(8281, 1701)
(8282, 1701)
(8283, 1700)
(8284, 1699)
(8285, 1698)
(8286, 1697)
(8285, 1696)
(8286, 1696)
(8287, 1695)
(8288, 1695)
(8289, 1694)
(8289, 1693)
(8288, 1692)
(8288, 1691)
(8288, 1690)
(8289, 1689)
(8289, 1688)
(8290, 1687)
(8290, 1686)
(8290, 1685)
(8289, 1684)
(8288, 1683)
(8288, 1684)
(8289, 1683)
(8290, 1682)
(8291, 1681)
(8292, 1681)
(8293, 1680)
(8293, 1681)
(8293, 1682)
(8293, 1683)
(8294, 1682)
(8294, 1683)
(8295, 1682)
(8296, 1681)
(8297, 1680)
(8298, 1679)
(8299, 1678)
(8300, 1677)
(8300, 1676)
(8301, 1675)
(8301, 1674)
(8301, 1673)
(8302, 1672)
(8302, 1671)
(8303, 1671)
(8304, 1671)
(8304, 1670)
(8305, 1670)
(8306, 1670)
(8307, 1669)
(8308, 1668)
(8309, 1667)
(8310, 1666)
(8311, 1665)
(8311, 1666)
(8312, 1665)
(8313, 1664)
(8314, 1663)
(8315, 1662)
(8316, 1661)
(8317, 1660)
(8317, 1659)
(8318, 1658)
(8319, 1657)
(8320, 1656)
(8321, 1655)
(8320, 1654)
(8321, 1654)
(8321, 1653)
(8321, 1652)
(8322, 1652)
(8323, 1651)
(8324, 1650)
(8324, 1651)
(8325, 1650)
(8325, 1651)
(8326, 1650)
(8326, 1651)
(8327, 1650)
(8328, 1649)
(8329, 1648)
(8330, 1647)
(8329, 1646)
(8328, 1645)
(8329, 1644)
(8330, 1643)
(8330, 1642)
(8331, 1641)
(8331, 1640)
(8331, 1639)
(8331, 1638)
(8331, 1637)
(8332, 1636)
(8332, 1635)
(8333, 1635)
(8334, 1634)
(8334, 1633)
(8333, 1632)
(8334, 1631)
(8334, 1630)
(8333, 1629)
(8332, 1628)
(8331, 1627)
(8330, 1627)
(8329, 1626)
(8328, 1625)
(8329, 1624)
(8329, 1623)
(8329, 1622)
(8328, 1621)
(8328, 1620)
(8327, 1619)
(8328, 1618)
(8328, 1617)
(8328, 1616)
(8328, 1615)
(8327, 1614)
(8326, 1613)
(8325, 1612)
(8326, 1611)
(8326, 1610)
(8327, 1609)
(8327, 1608)
(8327, 1607)
(8327, 1606)
(8328, 1605)
(8328, 1606)
(8329, 1606)
(8330, 1607)
(8331, 1606)
(8331, 1605)
(8332, 1604)
(8333, 1603)
(8333, 1602)
(8333, 1601)
(8333, 1600)
(8334, 1599)
(8334, 1600)
(8335, 1599)
(8335, 1600)
(8336, 1600)
(8337, 1599)
(8338, 1598)
(8338, 1599)
(8339, 1598)
(8340, 1597)
(8341, 1596)
(8341, 1595)
(8341, 1594)
(8340, 1594)
(8340, 1593)
(8340, 1592)
(8339, 1591)
(8340, 1590)
(8341, 1589)
(8341, 1590)
(8342, 1589)
(8343, 1588)
(8343, 1587)
(8344, 1586)
(8344, 1585)
(8344, 1584)
(8345, 1584)
(8346, 1585)
(8347, 1585)
(8348, 1585)
(8349, 1584)
(8349, 1583)
(8349, 1582)
(8349, 1581)
(8349, 1580)
(8350, 1579)
(8351, 1578)
(8352, 1577)
(8353, 1577)
(8354, 1576)
(8355, 1575)
(8356, 1574)
(8356, 1573)
(8357, 1572)
(8357, 1573)
(8358, 1572)
(8359, 1571)
(8360, 1570)
(8360, 1571)
(8361, 1570)
(8362, 1569)
(8363, 1569)
(8363, 1568)
(8364, 1567)
(8364, 1568)
(8365, 1567)
(8365, 1568)
(8366, 1567)
(8367, 1566)
(8368, 1565)
(8369, 1564)
(8369, 1565)
(8370, 1564)
(8371, 1563)
(8372, 1562)
(8373, 1562)
(8374, 1561)
(8374, 1562)
(8374, 1563)
(8374, 1564)
(8374, 1565)
(8375, 1564)
(8376, 1563)
(8377, 1562)
(8378, 1561)
(8379, 1560)
(8379, 1561)
(8379, 1562)
(8379, 1563)
(8379, 1564)
(8380, 1565)
(8381, 1564)
(8382, 1563)
(8382, 1564)
(8383, 1563)
(8384, 1562)
(8385, 1561)
(8386, 1561)
(8387, 1560)
(8386, 1559)
(8387, 1558)
(8387, 1557)
(8388, 1556)
(8389, 1555)
(8390, 1556)
(8390, 1557)
(8391, 1556)
(8392, 1556)
(8393, 1555)
(8394, 1554)
(8394, 1555)
(8395, 1554)
(8396, 1553)
(8396, 1554)
(8397, 1553)
(8398, 1552)
(8399, 1551)
(8399, 1550)
(8398, 1549)
(8399, 1548)
(8399, 1547)
(8400, 1546)
(8401, 1545)
(8401, 1546)
(8402, 1546)
(8403, 1546)
(8404, 1546)
(8405, 1545)
(8405, 1544)
(8406, 1543)
(8407, 1542)
(8408, 1541)
(8409, 1541)
(8410, 1541)
(8411, 1541)
(8412, 1541)
(8412, 1540)
(8413, 1539)
(8413, 1538)
(8413, 1537)
(8413, 1536)
(8413, 1535)
(8414, 1534)
(8414, 1533)
(8414, 1532)
(8413, 1531)
(8412, 1530)
(8412, 1529)
(8411, 1528)
(8412, 1527)
(8413, 1528)
(8414, 1529)
