(8343, 5484)
(8342, 5483)
(8341, 5482)
(8340, 5481)
(8339, 5480)
(8338, 5479)
(8337, 5478)
(8336, 5477)
(8335, 5477)
(8334, 5477)
(8333, 5476)
(8332, 5475)
(8331, 5475)
(8330, 5474)
(8329, 5473)
(8328, 5472)
(8327, 5471)
(8326, 5470)
(8326, 5469)
(8326, 5468)
(8327, 5468)
(8327, 5467)
(8326, 5466)
(8325, 5465)
(8324, 5464)
(8323, 5463)
(8322, 5462)
(8321, 5461)
(8320, 5460)
(8319, 5459)
(8320, 5458)
(8319, 5457)
(8318, 5456)
(8317, 5455)
(8316, 5454)
(8315, 5454)
(8314, 5453)
(8313, 5452)
(8312, 5451)
(8311, 5450)
(8310, 5449)
(8309, 5448)
(8308, 5447)
(8307, 5446)
(8306, 5445)
(8305, 5444)
(8304, 5443)
(8303, 5442)
(8302, 5442)
(8301, 5441)
(8300, 5440)
(8299, 5439)
(8298, 5438)
(8297, 5437)
(8296, 5437)
(8295, 5436)
(8294, 5435)
(8293, 5434)
(8292, 5433)
(8291, 5432)
(8290, 5431)
(8289, 5430)
(8288, 5429)
(8287, 5428)
(8286, 5427)
(8285, 5426)
(8284, 5425)
(8283, 5424)
(8282, 5423)
(8281, 5422)
(8280, 5423)
(8279, 5422)
(8278, 5421)
(8277, 5420)
(8278, 5419)
(8277, 5418)
(8276, 5417)
(8276, 5416)
(8276, 5415)
(8276, 5414)
(8276, 5413)
(8277, 5412)
(8278, 5411)
(8279, 5410)
(8279, 5409)
(8280, 5408)
(8281, 5407)
(8281, 5406)
(8280, 5405)
(8280, 5404)
(8280, 5403)
(8281, 5402)
(8282, 5401)
(8283, 5400)
(8283, 5399)
(8282, 5398)
(8281, 5397)
(8280, 5397)
(8279, 5397)
(8279, 5396)
(8278, 5396)
(8277, 5396)
(8276, 5395)
(8275, 5394)
(8274, 5393)
(8273, 5393)
(8272, 5393)
(8271, 5392)
(8270, 5391)
(8269, 5390)
(8268, 5389)
(8267, 5388)
(8266, 5387)
(8265, 5386)
(8264, 5385)
(8263, 5384)
(8263, 5383)
(8263, 5382)
(8262, 5381)
(8261, 5380)
(8260, 5379)
(8259, 5378)
(8258, 5377)
(8257, 5376)
(8256, 5375)
(8255, 5374)
(8254, 5373)
(8253, 5372)
(8252, 5371)
(8252, 5370)
(8251, 5369)
(8251, 5368)
(8250, 5367)
(8250, 5366)
(8249, 5365)
(8249, 5364)
(8250, 5363)
(8251, 5362)
(8251, 5361)
(8251, 5360)
(8250, 5359)
(8250, 5358)
(8250, 5357)
(8250, 5356)
(8249, 5355)
(8248, 5354)
(8247, 5353)
(8246, 5352)
(8245, 5351)
(8244, 5350)
(8243, 5349)
(8242, 5348)
(8241, 5347)
(8240, 5346)
(8239, 5345)
(8238, 5344)
(8237, 5343)
(8236, 5342)
(8237, 5341)
(8236, 5340)
(8235, 5339)
(8236, 5338)
(8237, 5337)
(8237, 5336)
(8236, 5335)
(8237, 5334)
(8237, 5333)
(8237, 5332)
(8237, 5331)
(8237, 5330)
(8237, 5329)
(8236, 5328)
(8236, 5327)
(8237, 5326)
(8236, 5325)
(8237, 5324)
(8238, 5323)
(8238, 5322)
(8239, 5321)
(8240, 5320)
(8240, 5319)
(8239, 5318)
(8238, 5317)
(8237, 5316)
(8236, 5315)
(8237, 5314)
(8238, 5313)
(8237, 5312)
(8236, 5311)
(8235, 5310)
(8234, 5309)
(8233, 5308)
(8232, 5307)
(8231, 5306)
(8230, 5305)
(8229, 5304)
(8228, 5303)
(8227, 5302)
(8226, 5301)
(8225, 5300)
(8225, 5299)
(8224, 5298)
(8223, 5297)
(8222, 5296)
(8221, 5295)
(8220, 5294)
(8219, 5293)
(8218, 5293)
(8218, 5292)
(8217, 5291)
(8216, 5290)
(8215, 5290)
(8214, 5289)
(8213, 5288)
(8212, 5287)
(8212, 5286)
(8211, 5285)
(8210, 5284)
(8209, 5283)
(8208, 5282)
(8207, 5281)
(8206, 5280)
(8206, 5279)
(8206, 5278)
(8207, 5277)
(8206, 5276)
(8206, 5275)
(8205, 5274)
(8204, 5273)
(8203, 5272)
(8202, 5272)
(8201, 5271)
(8201, 5270)
(8200, 5269)
(8199, 5268)
(8199, 5267)
(8199, 5266)
(8198, 5265)
(8197, 5264)
(8196, 5263)
(8195, 5262)
(8195, 5261)
(8196, 5260)
(8197, 5259)
(8197, 5258)
(8197, 5257)
(8197, 5256)
(8197, 5255)
(8197, 5254)
(8197, 5253)
(8197, 5252)
(8197, 5251)
(8196, 5250)
(8195, 5249)
(8194, 5248)
(8193, 5247)
(8192, 5246)
(8191, 5245)
(8192, 5244)
(8193, 5243)
(8193, 5242)
(8194, 5242)
(8193, 5241)
(8192, 5240)
(8191, 5239)
(8190, 5238)
(8189, 5237)
(8188, 5236)
(8187, 5235)
(8188, 5235)
(8187, 5234)
(8187, 5233)
(8186, 5232)
(8185, 5231)
(8184, 5230)
(8183, 5229)
(8182, 5228)
(8181, 5227)
(8180, 5226)
(8179, 5225)
(8179, 5224)
(8178, 5223)
(8177, 5222)
(8176, 5222)
(8175, 5221)
(8174, 5220)
(8174, 5219)
(8175, 5218)
(8175, 5217)
(8174, 5216)
(8173, 5215)
(8172, 5214)
(8171, 5213)
(8170, 5212)
(8170, 5211)
(8170, 5210)
(8169, 5209)
(8168, 5208)
(8167, 5207)
(8166, 5206)
(8166, 5205)
(8165, 5205)
(8164, 5204)
(8163, 5203)
(8162, 5202)
(8161, 5201)
(8160, 5200)
(8159, 5199)
(8158, 5199)
(8157, 5198)
(8156, 5197)
(8155, 5196)
(8154, 5195)
(8153, 5194)
(8152, 5193)
(8151, 5193)
(8150, 5193)
(8149, 5194)
(8148, 5193)
(8147, 5194)
(8146, 5193)
(8145, 5192)
(8144, 5191)
(8143, 5190)
(8142, 5189)
(8141, 5188)
(8140, 5188)
(8139, 5188)
(8138, 5189)
(8137, 5188)
(8136, 5188)
(8135, 5187)
(8134, 5187)
(8133, 5187)
(8132, 5186)
(8131, 5185)
(8130, 5184)
(8129, 5185)
(8128, 5186)
(8127, 5187)
(8126, 5187)
(8125, 5186)
(8124, 5185)
(8123, 5186)
(8122, 5187)
(8121, 5188)
(8120, 5188)
(8119, 5188)
(8118, 5189)
(8117, 5189)
(8116, 5190)
(8115, 5191)
(8114, 5191)
(8113, 5190)
(8112, 5189)
(8111, 5188)
(8110, 5187)
(8109, 5186)
(8108, 5185)
(8107, 5184)
(8106, 5183)
(8105, 5182)
(8104, 5181)
(8103, 5180)
(8102, 5179)
(8101, 5178)
(8100, 5177)
(8099, 5177)
(8098, 5177)
(8097, 5178)
(8096, 5179)
(8095, 5178)
(8094, 5177)
(8093, 5176)
(8092, 5176)
(8091, 5175)
(8090, 5175)
(8089, 5174)
(8088, 5173)
(8087, 5172)
(8086, 5173)
(8085, 5174)
(8084, 5173)
(8083, 5172)
(8082, 5173)
(8081, 5172)
(8080, 5171)
(8079, 5170)
(8079, 5169)
(8078, 5168)
(8077, 5167)
(8076, 5166)
(8075, 5165)
(8074, 5164)
(8073, 5163)
(8072, 5162)
(8071, 5161)
(8070, 5160)
(8069, 5159)
(8068, 5158)
(8067, 5158)
(8066, 5158)
(8065, 5158)
(8064, 5158)
(8063, 5157)
(8062, 5156)
(8061, 5155)
(8060, 5154)
(8059, 5154)
(8058, 5153)
(8057, 5153)
(8056, 5152)
(8055, 5151)
(8054, 5150)
(8053, 5149)
(8052, 5148)
(8051, 5147)
(8050, 5146)
(8049, 5147)
(8048, 5148)
(8047, 5149)
(8046, 5150)
(8045, 5150)
(8044, 5150)
(8043, 5151)
(8042, 5152)
(8041, 5151)
(8041, 5152)
(8040, 5151)
(8039, 5152)
(8038, 5153)
(8037, 5154)
(8036, 5155)
(8035, 5156)
(8034, 5155)
(8033, 5155)
(8032, 5154)
(8031, 5153)
(8030, 5152)
(8029, 5151)
(8028, 5150)
(8027, 5149)
(8026, 5148)
(8025, 5147)
(8024, 5146)
(8023, 5145)
(8022, 5144)
(8021, 5143)
(8020, 5142)
(8019, 5141)
(8018, 5140)
(8017, 5139)
(8016, 5138)
(8015, 5137)
(8014, 5136)
(8013, 5135)
(8012, 5135)
(8011, 5134)
(8010, 5133)
(8009, 5132)
(8008, 5131)
(8007, 5130)
(8007, 5129)
(8006, 5128)
(8007, 5127)
(8006, 5126)
(8005, 5125)
(8004, 5124)
(8003, 5123)
(8002, 5122)
(8001, 5121)
(8000, 5120)
(7999, 5119)
(7998, 5118)
(7997, 5117)
(7996, 5116)
(7995, 5115)
(7994, 5114)
(7993, 5113)
(7992, 5112)
(7991, 5111)
(7990, 5110)
(7989, 5109)
(7988, 5108)
(7987, 5107)
(7987, 5106)
(7987, 5105)
(7987, 5104)
(7986, 5103)
(7985, 5102)
(7984, 5101)
(7983, 5100)
(7982, 5099)
(7981, 5098)
(7980, 5098)
(7979, 5098)
(7978, 5097)
(7977, 5096)
(7976, 5095)
(7975, 5094)
(7974, 5093)
(7973, 5092)
(7972, 5091)
(7971, 5090)
(7970, 5089)
(7969, 5088)
(7968, 5087)
(7967, 5087)
(7966, 5088)
(7965, 5089)
(7964, 5090)
(7963, 5089)
(7962, 5088)
(7961, 5087)
(7960, 5086)
(7959, 5085)
(7958, 5084)
(7957, 5083)
(7956, 5083)
(7955, 5082)
(7954, 5081)
(7953, 5082)
(7952, 5081)
(7951, 5080)
(7950, 5079)
(7949, 5078)
(7948, 5078)
(7947, 5077)
(7946, 5076)
(7945, 5075)
(7944, 5074)
(7943, 5074)
(7942, 5073)
(7941, 5072)
(7940, 5071)
(7940, 5070)
(7941, 5069)
(7940, 5068)
(7939, 5067)
(7939, 5066)
(7939, 5065)
(7940, 5064)
(7941, 5063)
(7940, 5062)
(7939, 5061)
(7938, 5060)
(7937, 5060)
(7936, 5059)
(7937, 5058)
(7936, 5057)
(7935, 5056)
(7934, 5055)
(7933, 5054)
(7932, 5053)
(7932, 5052)
(7931, 5051)
(7930, 5051)
(7929, 5050)
(7928, 5050)
(7927, 5049)
(7926, 5048)
(7925, 5047)
(7924, 5046)
(7923, 5045)
(7922, 5044)
(7921, 5043)
(7920, 5042)
(7919, 5041)
(7918, 5040)
(7917, 5040)
(7916, 5039)
(7915, 5039)
(7914, 5038)
(7913, 5037)
(7912, 5036)
(7911, 5035)
(7910, 5034)
(7909, 5033)
(7909, 5032)
(7908, 5031)
(7907, 5030)
(7906, 5029)
(7905, 5028)
(7904, 5027)
(7905, 5026)
(7906, 5025)
(7906, 5024)
(7905, 5023)
(7905, 5022)
(7906, 5021)
(7907, 5020)
(7906, 5019)
(7906, 5018)
(7907, 5017)
(7908, 5016)
(7909, 5015)
(7910, 5014)
(7911, 5013)
(7912, 5012)
(7911, 5011)
(7910, 5010)
(7909, 5009)
(7909, 5008)
(7909, 5007)
(7908, 5006)
(7907, 5005)
(7906, 5004)
(7905, 5003)
(7904, 5003)
(7903, 5002)
(7902, 5001)
(7901, 5000)
(7900, 4999)
(7899, 4998)
(7898, 4997)
(7899, 4997)
(7898, 4996)
(7897, 4995)
(7896, 4994)
(7897, 4993)
(7896, 4992)
(7896, 4991)
(7895, 4990)
(7895, 4989)
(7896, 4988)
(7896, 4987)
(7896, 4986)
(7895, 4985)
(7894, 4984)
(7893, 4983)
(7892, 4982)
(7891, 4981)
(7891, 4980)
(7890, 4979)
(7889, 4978)
(7888, 4977)
(7887, 4976)
(7886, 4975)
(7885, 4974)
(7884, 4974)
(7883, 4973)
(7882, 4972)
(7881, 4971)
(7880, 4970)
(7879, 4969)
(7878, 4969)
(7877, 4968)
(7876, 4968)
(7875, 4967)
(7874, 4966)
(7873, 4965)
(7872, 4964)
(7871, 4963)
(7870, 4962)
(7869, 4961)
(7868, 4961)
(7867, 4960)
(7866, 4959)
(7865, 4958)
(7864, 4957)
(7863, 4958)
(7862, 4958)
(7861, 4957)
(7860, 4958)
(7859, 4957)
(7858, 4956)
(7857, 4955)
(7856, 4954)
(7855, 4953)
(7854, 4952)
(7853, 4951)
(7852, 4950)
(7851, 4949)
(7850, 4948)
(7850, 4947)
(7849, 4946)
(7848, 4945)
(7847, 4944)
(7846, 4943)
(7845, 4943)
(7844, 4942)
(7843, 4941)
(7842, 4940)
(7841, 4939)
(7840, 4938)
(7839, 4937)
(7838, 4936)
(7837, 4935)
(7836, 4934)
(7835, 4933)
(7834, 4932)
(7833, 4932)
(7832, 4932)
(7831, 4931)
(7830, 4931)
(7829, 4930)
(7828, 4929)
(7827, 4929)
(7826, 4928)
(7825, 4928)
(7824, 4927)
(7823, 4927)
(7822, 4926)
(7821, 4926)
(7820, 4926)
(7819, 4926)
(7818, 4926)
(7817, 4925)
(7816, 4925)
(7815, 4924)
(7814, 4923)
(7813, 4923)
(7812, 4922)
(7811, 4921)
(7810, 4920)
(7809, 4919)
(7808, 4918)
(7807, 4918)
(7806, 4917)
(7805, 4917)
(7804, 4917)
(7803, 4916)
(7802, 4915)
(7801, 4914)
(7800, 4913)
(7799, 4912)
(7798, 4912)
(7797, 4912)
(7796, 4912)
(7795, 4912)
(7794, 4912)
(7793, 4911)
(7792, 4910)
(7791, 4909)
(7790, 4908)
(7789, 4909)
(7788, 4909)
(7787, 4908)
(7786, 4908)
(7785, 4908)
(7784, 4909)
(7783, 4910)
(7782, 4910)
(7781, 4910)
(7780, 4911)
(7779, 4911)
(7778, 4911)
(7777, 4911)
(7776, 4910)
(7775, 4909)
(7774, 4908)
(7773, 4907)
(7772, 4906)
(7771, 4906)
(7770, 4907)
(7769, 4908)
(7768, 4908)
(7767, 4907)
(7766, 4907)
(7765, 4908)
(7765, 4909)
(7764, 4908)
(7763, 4907)
(7762, 4907)
(7761, 4906)
(7760, 4907)
(7759, 4907)
(7758, 4906)
(7757, 4905)
(7756, 4904)
(7755, 4903)
(7754, 4904)
(7754, 4905)
(7753, 4905)
(7752, 4905)
(7751, 4905)
(7750, 4906)
(7749, 4907)
(7748, 4908)
(7747, 4909)
(7746, 4910)
(7745, 4909)
(7744, 4908)
(7743, 4907)
(7742, 4906)
(7741, 4905)
(7740, 4904)
(7739, 4904)
(7738, 4905)
(7737, 4905)
(7736, 4904)
(7735, 4903)
(7734, 4904)
(7734, 4905)
(7733, 4905)
(7732, 4905)
(7731, 4906)
(7730, 4906)
(7729, 4905)
(7728, 4906)
(7727, 4906)
(7726, 4905)
(7725, 4904)
(7724, 4905)
(7723, 4906)
(7722, 4907)
(7721, 4908)
(7720, 4909)
(7720, 4910)
(7719, 4910)
(7718, 4910)
(7717, 4911)
(7716, 4912)
(7715, 4913)
(7714, 4912)
(7713, 4911)
(7712, 4910)
(7711, 4909)
(7710, 4908)
(7709, 4908)
(7708, 4909)
(7707, 4910)
(7706, 4911)
(7705, 4912)
(7704, 4913)
(7703, 4914)
(7702, 4915)
(7701, 4916)
(7700, 4917)
(7699, 4916)
(7698, 4916)
(7697, 4917)
(7696, 4917)
(7695, 4917)
(7694, 4916)
(7693, 4915)
(7692, 4914)
(7691, 4914)
(7690, 4913)
(7689, 4912)
(7688, 4911)
(7687, 4910)
(7686, 4909)
(7685, 4908)
(7684, 4908)
(7683, 4907)
(7682, 4907)
(7681, 4908)
(7680, 4908)
(7679, 4907)
(7678, 4906)
(7677, 4905)
(7676, 4904)
(7675, 4903)
(7674, 4902)
(7673, 4901)
(7672, 4900)
(7671, 4899)
(7670, 4898)
(7669, 4897)
(7668, 4896)
(7667, 4895)
(7666, 4895)
(7665, 4894)
(7664, 4893)
(7663, 4892)
(7662, 4891)
(7661, 4890)
(7660, 4889)
(7659, 4888)
(7658, 4887)
(7657, 4886)
(7656, 4887)
(7655, 4887)
(7654, 4887)
(7653, 4888)
(7652, 4888)
(7651, 4887)
(7650, 4886)
(7649, 4885)
(7648, 4884)
(7647, 4885)
(7646, 4885)
(7645, 4885)
(7644, 4885)
(7643, 4884)
(7642, 4883)
(7641, 4882)
(7640, 4881)
(7639, 4881)
(7638, 4882)
(7637, 4881)
(7636, 4880)
(7635, 4879)
(7634, 4878)
(7633, 4878)
(7632, 4879)
(7631, 4880)
(7630, 4880)
(7629, 4880)
(7628, 4880)
(7628, 4881)
(7627, 4881)
(7626, 4880)
(7625, 4879)
(7624, 4879)
(7623, 4878)
(7622, 4877)
(7621, 4876)
(7620, 4875)
(7619, 4876)
(7618, 4876)
(7617, 4876)
(7616, 4875)
(7615, 4875)
(7614, 4874)
(7613, 4873)
(7612, 4872)
(7612, 4871)
(7611, 4870)
(7610, 4869)
(7609, 4868)
(7608, 4867)
(7607, 4866)
(7606, 4865)
(7605, 4864)
(7604, 4863)
(7603, 4862)
(7602, 4861)
(7601, 4862)
(7600, 4862)
(7599, 4861)
(7598, 4860)
(7597, 4859)
(7596, 4858)
(7595, 4857)
(7594, 4856)
(7593, 4855)
(7592, 4854)
(7591, 4853)
(7590, 4854)
(7589, 4854)
(7588, 4854)
(7587, 4854)
(7586, 4855)
(7585, 4855)
(7584, 4855)
(7583, 4856)
(7582, 4855)
(7581, 4854)
(7580, 4853)
(7579, 4852)
(7578, 4851)
(7577, 4852)
(7576, 4853)
(7575, 4854)
(7574, 4854)
(7573, 4854)
(7573, 4855)
(7572, 4854)
(7571, 4855)
(7570, 4854)
(7569, 4853)
(7568, 4852)
(7567, 4852)
(7566, 4852)
(7565, 4851)
(7564, 4851)
(7563, 4850)
(7562, 4849)
(7561, 4848)
(7560, 4847)
(7559, 4847)
(7558, 4847)
(7557, 4846)
(7556, 4845)
(7555, 4845)
(7554, 4844)
(7553, 4843)
(7552, 4842)
(7551, 4841)
(7550, 4840)
(7549, 4839)
(7548, 4838)
(7547, 4837)
(7546, 4837)
(7545, 4837)
(7544, 4837)
(7544, 4838)
(7543, 4837)
(7542, 4836)
(7541, 4835)
(7540, 4834)
(7539, 4835)
(7538, 4834)
(7537, 4834)
(7537, 4835)
(7536, 4834)
(7535, 4833)
(7534, 4832)
(7533, 4831)
(7532, 4830)
(7531, 4831)
(7530, 4832)
(7529, 4832)
(7528, 4831)
(7527, 4830)
(7526, 4830)
(7525, 4829)
(7524, 4828)
(7523, 4828)
(7522, 4827)
(7521, 4826)
(7520, 4825)
(7519, 4824)
(7518, 4824)
(7517, 4823)
(7516, 4822)
(7515, 4821)
(7514, 4820)
(7513, 4819)
(7512, 4819)
(7511, 4820)
(7510, 4821)
(7509, 4821)
(7508, 4821)
(7507, 4820)
(7506, 4819)
(7505, 4818)
(7504, 4819)
(7503, 4818)
(7502, 4817)
(7501, 4816)
(7500, 4816)
(7499, 4815)
(7498, 4814)
(7497, 4813)
(7496, 4812)
(7495, 4811)
(7494, 4812)
(7493, 4811)
(7492, 4810)
(7491, 4810)
(7490, 4809)
(7489, 4809)
(7488, 4808)
(7487, 4807)
(7486, 4806)
(7485, 4805)
(7484, 4804)
(7483, 4803)
(7482, 4802)
(7481, 4801)
(7480, 4800)
(7479, 4799)
(7478, 4798)
(7477, 4797)
(7476, 4796)
(7475, 4797)
(7474, 4798)
(7473, 4799)
(7472, 4798)
(7471, 4798)
(7470, 4797)
(7469, 4796)
(7468, 4795)
(7467, 4796)
(7466, 4795)
(7465, 4795)
(7464, 4794)
(7463, 4793)
(7462, 4792)
(7461, 4791)
(7460, 4790)
(7459, 4789)
(7458, 4788)
(7457, 4787)
(7456, 4786)
(7455, 4785)
(7454, 4784)
(7453, 4783)
(7452, 4783)
(7451, 4783)
(7450, 4783)
(7449, 4782)
(7448, 4781)
(7447, 4780)
(7446, 4779)
(7445, 4778)
(7444, 4777)
(7443, 4776)
(7442, 4775)
(7441, 4774)
(7440, 4773)
(7439, 4773)
(7438, 4773)
(7437, 4773)
(7436, 4772)
(7435, 4771)
(7434, 4770)
(7433, 4769)
(7432, 4768)
(7431, 4767)
(7430, 4766)
(7429, 4765)
(7428, 4764)
(7427, 4763)
(7426, 4762)
(7425, 4761)
(7424, 4760)
(7423, 4759)
(7422, 4758)
(7421, 4757)
(7420, 4756)
(7419, 4755)
(7418, 4754)
(7417, 4753)
(7416, 4752)
(7415, 4753)
(7414, 4752)
(7413, 4751)
(7412, 4750)
(7411, 4749)
(7410, 4748)
(7409, 4747)
(7408, 4746)
(7407, 4745)
(7406, 4744)
(7405, 4743)
(7404, 4743)
(7403, 4744)
(7402, 4743)
(7401, 4742)
(7400, 4742)
(7399, 4741)
(7398, 4740)
(7397, 4739)
(7396, 4738)
(7395, 4737)
(7394, 4737)
(7393, 4737)
(7392, 4738)
(7391, 4737)
(7390, 4738)
(7389, 4737)
(7388, 4738)
(7387, 4738)
(7386, 4738)
(7385, 4738)
(7384, 4738)
(7383, 4737)
(7382, 4736)
(7381, 4735)
(7380, 4734)
(7379, 4733)
(7378, 4732)
(7377, 4731)
(7376, 4730)
(7375, 4730)
(7374, 4729)
(7373, 4728)
(7372, 4728)
(7371, 4727)
(7370, 4728)
(7369, 4729)
(7368, 4729)
(7367, 4728)
(7366, 4728)
(7365, 4727)
(7364, 4728)
(7363, 4729)
(7362, 4729)
(7361, 4728)
(7360, 4727)
(7359, 4726)
(7358, 4725)
(7357, 4725)
(7356, 4725)
(7355, 4725)
(7354, 4725)
(7353, 4725)
(7352, 4725)
(7351, 4725)
(7350, 4725)
(7349, 4725)
(7348, 4725)
(7347, 4725)
(7346, 4725)
(7345, 4725)
(7344, 4725)
(7343, 4725)
(7342, 4725)
(7341, 4725)
(7340, 4724)
(7339, 4723)
(7338, 4722)
(7337, 4721)
(7336, 4720)
(7335, 4719)
(7334, 4718)
(7333, 4718)
(7332, 4718)
(7331, 4717)
(7330, 4717)
(7329, 4718)
(7328, 4719)
(7327, 4720)
(7326, 4720)
(7325, 4720)
(7324, 4721)
(7323, 4721)
(7322, 4720)
(7321, 4719)
(7320, 4718)
(7319, 4717)
(7318, 4716)
(7317, 4715)
(7316, 4716)
(7315, 4717)
(7314, 4718)
(7313, 4719)
(7312, 4720)
(7311, 4720)
(7310, 4721)
(7309, 4722)
(7308, 4723)
(7307, 4724)
(7306, 4724)
(7305, 4723)
(7304, 4722)
(7303, 4721)
(7302, 4720)
(7301, 4719)
(7300, 4718)
(7299, 4717)
(7298, 4716)
(7297, 4716)
(7296, 4715)
(7295, 4714)
(7294, 4714)
(7293, 4713)
(7292, 4712)
(7291, 4711)
(7290, 4712)
(7289, 4711)
(7288, 4711)
(7287, 4711)
(7286, 4711)
(7285, 4711)
(7284, 4710)
(7283, 4709)
(7282, 4708)
(7281, 4708)
(7280, 4708)
(7279, 4708)
(7278, 4708)
(7277, 4708)
(7276, 4708)
(7275, 4708)
(7274, 4707)
(7273, 4707)
(7272, 4706)
(7271, 4706)
(7270, 4707)
(7269, 4707)
(7268, 4706)
(7267, 4705)
(7266, 4705)
(7265, 4706)
(7264, 4705)
(7263, 4704)
(7262, 4705)
(7261, 4704)
(7260, 4703)
(7259, 4702)
(7258, 4701)
(7257, 4701)
(7256, 4700)
(7255, 4699)
(7254, 4699)
(7253, 4698)
(7252, 4697)
(7251, 4697)
(7250, 4697)
(7249, 4696)
(7248, 4696)
(7248, 4697)
(7247, 4696)
(7246, 4695)
(7245, 4694)
(7244, 4693)
(7243, 4693)
(7242, 4694)
(7241, 4694)
(7240, 4694)
(7239, 4693)
(7238, 4692)
(7237, 4692)
(7236, 4691)
(7235, 4690)
(7234, 4689)
(7233, 4688)
(7232, 4687)
(7231, 4687)
(7230, 4686)
(7229, 4685)
(7228, 4684)
(7227, 4683)
(7226, 4682)
(7225, 4681)
(7224, 4681)
(7223, 4681)
(7222, 4681)
(7221, 4680)
(7220, 4679)
(7219, 4678)
(7218, 4677)
(7217, 4677)
(7216, 4677)
(7215, 4676)
(7214, 4675)
(7213, 4674)
(7212, 4673)
(7211, 4673)
(7210, 4673)
(7209, 4673)
(7208, 4673)
(7207, 4673)
(7206, 4673)
(7205, 4673)
(7204, 4674)
(7203, 4674)
(7202, 4674)
(7201, 4674)
(7200, 4673)
(7199, 4673)
(7198, 4673)
(7197, 4673)
(7196, 4673)
(7195, 4673)
(7194, 4673)
(7193, 4673)
(7192, 4673)
(7191, 4673)
(7190, 4673)
(7189, 4672)
(7188, 4671)
(7188, 4670)
(7187, 4669)
(7186, 4668)
(7185, 4667)
(7184, 4666)
(7183, 4665)
(7182, 4665)
(7181, 4665)
(7180, 4665)
(7179, 4664)
(7178, 4664)
(7177, 4664)
(7176, 4664)
(7175, 4663)
(7174, 4663)
(7173, 4662)
(7172, 4661)
(7171, 4660)
(7170, 4659)
(7169, 4658)
(7168, 4657)
(7167, 4656)
(7166, 4655)
(7165, 4655)
(7164, 4654)
(7163, 4653)
(7162, 4652)
(7162, 4651)
(7161, 4650)
(7160, 4649)
(7159, 4648)
(7158, 4647)
(7157, 4646)
(7156, 4645)
(7155, 4644)
(7154, 4643)
(7153, 4642)
(7152, 4641)
(7151, 4641)
(7150, 4641)
(7149, 4641)
(7148, 4641)
(7147, 4640)
(7146, 4640)
(7145, 4639)
(7144, 4639)
(7143, 4639)
(7142, 4640)
(7141, 4640)
(7140, 4639)
(7139, 4638)
(7138, 4638)
(7137, 4638)
(7136, 4637)
(7135, 4636)
(7135, 4635)
(7134, 4636)
(7133, 4635)
(7132, 4634)
(7131, 4633)
(7130, 4632)
(7129, 4631)
(7128, 4630)
(7127, 4629)
(7126, 4628)
(7125, 4627)
(7124, 4626)
(7123, 4625)
(7122, 4624)
(7121, 4623)
(7120, 4622)
(7119, 4621)
(7118, 4620)
(7117, 4619)
(7116, 4618)
(7115, 4617)
(7114, 4616)
(7113, 4615)
(7112, 4614)
(7111, 4613)
(7110, 4613)
(7109, 4612)
(7108, 4611)
(7107, 4611)
(7106, 4611)
(7105, 4611)
(7104, 4610)
(7103, 4610)
(7102, 4610)
(7101, 4610)
(7100, 4610)
(7099, 4609)
(7098, 4609)
(7097, 4609)
(7096, 4609)
(7095, 4608)
(7094, 4607)
(7093, 4607)
(7092, 4606)
(7091, 4605)
(7090, 4604)
(7089, 4603)
(7088, 4602)
(7087, 4601)
(7086, 4601)
(7085, 4601)
(7084, 4601)
(7083, 4601)
(7082, 4601)
(7081, 4601)
(7080, 4601)
(7079, 4602)
(7078, 4602)
(7077, 4602)
(7076, 4603)
(7075, 4603)
(7074, 4603)
(7073, 4602)
(7072, 4601)
(7071, 4600)
(7070, 4600)
(7069, 4599)
(7068, 4599)
(7067, 4599)
(7066, 4598)
(7065, 4597)
(7064, 4596)
(7063, 4596)
(7062, 4597)
(7061, 4596)
(7060, 4595)
(7059, 4594)
(7058, 4593)
(7057, 4593)
(7056, 4592)
(7055, 4591)
(7054, 4590)
(7053, 4589)
(7052, 4589)
(7051, 4589)
(7050, 4590)
(7049, 4591)
(7048, 4591)
(7047, 4591)
(7046, 4591)
(7045, 4590)
(7044, 4589)
(7043, 4588)
(7042, 4587)
(7041, 4587)
(7040, 4586)
(7039, 4586)
(7038, 4585)
(7037, 4584)
(7036, 4583)
(7035, 4582)
(7034, 4581)
(7033, 4580)
(7032, 4579)
(7031, 4578)
(7030, 4577)
(7029, 4576)
(7028, 4575)
(7027, 4574)
(7026, 4573)
(7025, 4572)
(7024, 4571)
(7023, 4570)
(7022, 4570)
(7021, 4570)
(7020, 4571)
(7019, 4571)
(7018, 4570)
(7017, 4570)
(7016, 4569)
(7015, 4569)
(7014, 4569)
(7013, 4569)
(7013, 4570)
(7012, 4570)
(7011, 4571)
(7010, 4572)
(7009, 4572)
(7008, 4571)
(7007, 4570)
(7006, 4569)
(7005, 4568)
(7004, 4567)
(7003, 4568)
(7002, 4569)
(7001, 4570)
(7000, 4570)
(6999, 4571)
(6998, 4572)
(6997, 4573)
(6996, 4574)
(6995, 4574)
(6994, 4574)
(6993, 4573)
(6992, 4572)
(6991, 4571)
(6990, 4570)
(6989, 4570)
(6988, 4571)
(6987, 4572)
(6986, 4571)
(6985, 4570)
(6984, 4570)
(6983, 4569)
(6982, 4569)
(6981, 4568)
(6980, 4567)
(6979, 4566)
(6978, 4565)
(6977, 4564)
(6976, 4564)
(6975, 4563)
(6974, 4562)
(6973, 4561)
(6972, 4560)
(6971, 4561)
(6970, 4561)
(6969, 4562)
(6968, 4562)
(6967, 4563)
(6966, 4564)
(6965, 4564)
(6964, 4565)
(6963, 4566)
(6962, 4566)
(6961, 4567)
(6960, 4568)
(6959, 4569)
(6958, 4569)
(6957, 4569)
(6956, 4570)
(6955, 4571)
(6954, 4571)
(6953, 4570)
(6952, 4569)
(6951, 4568)
(6950, 4567)
(6949, 4566)
(6948, 4566)
(6947, 4565)
(6946, 4564)
(6945, 4563)
(6944, 4562)
(6943, 4562)
(6942, 4563)
(6941, 4564)
(6940, 4564)
(6939, 4565)
(6938, 4566)
(6937, 4565)
(6936, 4564)
(6935, 4563)
(6934, 4564)
(6933, 4563)
(6932, 4562)
(6931, 4561)
(6930, 4560)
(6929, 4559)
(6928, 4558)
(6927, 4558)
(6926, 4557)
(6925, 4557)
(6925, 4558)
(6924, 4558)
(6924, 4559)
(6923, 4559)
(6922, 4559)
(6921, 4558)
(6920, 4558)
(6919, 4558)
(6918, 4558)
(6917, 4559)
(6917, 4560)
(6916, 4560)
(6915, 4561)
(6914, 4561)
(6913, 4560)
(6912, 4559)
(6911, 4559)
(6910, 4558)
(6909, 4557)
(6908, 4556)
(6907, 4555)
(6906, 4554)
(6905, 4553)
(6904, 4553)
(6903, 4552)
(6902, 4551)
(6901, 4550)
(6900, 4550)
(6899, 4549)
(6898, 4548)
(6897, 4547)
(6896, 4547)
(6895, 4548)
(6894, 4547)
(6893, 4546)
(6892, 4545)
(6891, 4545)
(6890, 4544)
(6889, 4543)
(6888, 4542)
(6887, 4542)
(6886, 4543)
(6885, 4543)
(6884, 4542)
(6883, 4541)
(6882, 4540)
(6881, 4539)
(6880, 4538)
(6879, 4537)
(6878, 4536)
(6877, 4535)
(6876, 4536)
(6875, 4536)
(6874, 4535)
(6873, 4535)
(6872, 4536)
(6871, 4537)
(6870, 4537)
(6869, 4538)
(6868, 4538)
(6867, 4537)
(6866, 4536)
(6865, 4535)
(6864, 4534)
(6863, 4533)
(6862, 4532)
(6861, 4531)
(6860, 4530)
(6859, 4529)
(6858, 4528)
(6857, 4527)
(6856, 4526)
(6855, 4526)
(6854, 4527)
(6853, 4526)
(6852, 4525)
(6851, 4524)
(6850, 4523)
(6849, 4522)
(6848, 4521)
(6847, 4520)
(6846, 4519)
(6845, 4518)
(6844, 4517)
(6843, 4516)
(6842, 4515)
(6841, 4514)
(6840, 4513)
(6839, 4512)
(6838, 4511)
(6837, 4510)
(6836, 4509)
(6835, 4508)
(6834, 4507)
(6833, 4506)
(6832, 4505)
(6831, 4504)
(6830, 4503)
(6829, 4502)
(6828, 4501)
(6827, 4500)
(6826, 4500)
(6825, 4499)
(6824, 4498)
(6823, 4497)
(6822, 4496)
(6821, 4495)
(6820, 4494)
(6819, 4493)
(6818, 4492)
(6817, 4491)
(6816, 4490)
(6815, 4489)
(6814, 4489)
(6813, 4488)
(6812, 4487)
(6811, 4486)
(6810, 4485)
(6809, 4484)
(6808, 4483)
(6807, 4482)
(6806, 4481)
(6805, 4480)
(6804, 4479)
(6803, 4478)
(6802, 4479)
(6801, 4479)
(6800, 4478)
(6799, 4477)
(6798, 4476)
(6797, 4475)
(6796, 4476)
(6795, 4477)
(6794, 4478)
(6793, 4479)
(6792, 4480)
(6791, 4480)
(6790, 4481)
(6789, 4480)
(6788, 4479)
(6787, 4478)
(6786, 4478)
(6785, 4477)
(6784, 4476)
(6783, 4475)
(6782, 4475)
(6781, 4475)
(6780, 4475)
(6779, 4475)
(6778, 4476)
(6777, 4477)
(6776, 4477)
(6775, 4476)
(6774, 4476)
(6773, 4476)
(6772, 4475)
(6771, 4474)
(6770, 4473)
(6769, 4472)
(6768, 4471)
(6767, 4470)
(6766, 4469)
(6765, 4468)
(6764, 4467)
(6763, 4466)
(6762, 4465)
(6761, 4464)
(6760, 4464)
(6759, 4464)
(6758, 4464)
(6757, 4464)
(6756, 4464)
(6755, 4463)
(6754, 4462)
(6753, 4461)
(6752, 4460)
(6751, 4460)
(6750, 4460)
(6749, 4460)
(6748, 4459)
(6747, 4458)
(6746, 4457)
(6745, 4456)
(6744, 4455)
(6743, 4454)
(6742, 4453)
(6741, 4452)
(6740, 4451)
(6739, 4450)
(6738, 4449)
(6737, 4448)
(6736, 4448)
(6735, 4448)
(6734, 4448)
(6733, 4447)
(6732, 4446)
(6731, 4445)
(6730, 4444)
(6729, 4443)
(6728, 4442)
(6727, 4441)
(6726, 4440)
(6725, 4439)
(6724, 4438)
(6723, 4438)
(6722, 4438)
(6721, 4437)
(6720, 4438)
(6719, 4438)
(6718, 4437)
(6717, 4436)
(6716, 4437)
(6715, 4436)
(6714, 4435)
(6713, 4434)
(6712, 4433)
(6711, 4432)
(6710, 4431)
(6709, 4431)
(6708, 4430)
(6707, 4430)
(6706, 4429)
(6705, 4428)
(6704, 4428)
(6703, 4427)
(6702, 4427)
(6701, 4426)
(6700, 4425)
(6699, 4425)
(6698, 4424)
(6697, 4423)
(6696, 4422)
(6695, 4421)
(6694, 4422)
(6693, 4422)
(6692, 4421)
(6691, 4420)
(6690, 4421)
(6689, 4422)
(6688, 4422)
(6687, 4421)
(6686, 4421)
(6685, 4420)
(6684, 4419)
(6683, 4418)
(6682, 4417)
(6681, 4416)
(6680, 4415)
(6679, 4414)
(6678, 4415)
(6677, 4415)
(6677, 4416)
(6676, 4416)
(6675, 4417)
(6674, 4417)
(6673, 4416)
(6672, 4415)
(6671, 4414)
(6670, 4414)
(6669, 4413)
(6668, 4413)
(6667, 4412)
(6666, 4411)
(6665, 4410)
(6664, 4409)
(6663, 4409)
(6662, 4410)
(6661, 4410)
(6660, 4410)
(6659, 4409)
(6658, 4409)
(6657, 4409)
(6656, 4408)
(6655, 4408)
(6654, 4409)
(6653, 4409)
(6652, 4408)
(6651, 4407)
(6650, 4406)
(6649, 4405)
(6648, 4404)
(6647, 4403)
(6646, 4402)
(6645, 4401)
(6644, 4400)
(6643, 4400)
(6642, 4400)
(6641, 4399)
(6640, 4399)
(6639, 4399)
(6638, 4400)
(6637, 4400)
(6636, 4400)
(6636, 4401)
(6635, 4401)
(6634, 4402)
(6633, 4402)
(6632, 4401)
(6631, 4401)
(6630, 4402)
(6629, 4402)
(6628, 4403)
(6628, 4404)
(6627, 4405)
(6626, 4405)
(6625, 4406)
(6624, 4406)
(6623, 4406)
(6622, 4406)
(6621, 4406)
(6620, 4405)
(6619, 4405)
(6618, 4406)
(6617, 4406)
(6616, 4405)
(6615, 4405)
(6614, 4404)
(6613, 4403)
(6612, 4402)
(6611, 4403)
(6610, 4402)
(6609, 4401)
(6608, 4400)
(6607, 4399)
(6606, 4398)
(6605, 4398)
(6604, 4398)
(6603, 4397)
(6602, 4396)
(6601, 4395)
(6600, 4394)
(6599, 4395)
(6598, 4396)
(6597, 4395)
(6596, 4394)
(6595, 4395)
(6594, 4395)
(6593, 4395)
(6592, 4394)
(6591, 4393)
(6590, 4392)
(6589, 4392)
(6588, 4391)
(6587, 4390)
(6586, 4389)
(6585, 4388)
(6584, 4387)
(6583, 4386)
(6582, 4385)
(6581, 4384)
(6580, 4383)
(6579, 4382)
(6578, 4381)
(6577, 4380)
(6576, 4379)
(6575, 4379)
(6574, 4378)
(6573, 4377)
(6572, 4376)
(6571, 4375)
(6570, 4374)
(6569, 4373)
(6568, 4372)
(6567, 4373)
(6566, 4373)
(6565, 4372)
(6564, 4372)
(6563, 4373)
(6562, 4373)
(6561, 4372)
(6560, 4371)
(6559, 4370)
(6558, 4369)
(6557, 4369)
(6556, 4368)
(6555, 4367)
(6554, 4366)
(6553, 4365)
(6552, 4364)
(6551, 4363)
(6550, 4363)
(6549, 4364)
(6548, 4363)
(6547, 4362)
(6546, 4362)
(6545, 4361)
(6544, 4361)
(6543, 4361)
(6542, 4360)
(6541, 4360)
(6540, 4359)
(6539, 4360)
(6538, 4360)
(6537, 4359)
(6536, 4358)
(6535, 4357)
(6534, 4356)
(6533, 4356)
(6532, 4355)
(6531, 4356)
(6530, 4356)
(6529, 4356)
(6528, 4355)
(6527, 4355)
(6526, 4356)
(6525, 4356)
(6524, 4355)
(6523, 4355)
(6522, 4354)
(6521, 4353)
(6520, 4353)
(6519, 4352)
(6518, 4351)
(6517, 4350)
(6516, 4349)
(6515, 4348)
(6514, 4347)
(6513, 4347)
(6512, 4346)
(6511, 4345)
(6510, 4344)
(6509, 4343)
(6508, 4344)
(6507, 4344)
(6506, 4343)
(6505, 4342)
(6504, 4341)
(6503, 4340)
(6502, 4339)
(6501, 4338)
(6500, 4337)
(6499, 4336)
(6498, 4335)
(6497, 4334)
(6496, 4334)
(6495, 4333)
(6494, 4333)
(6493, 4332)
(6492, 4331)
(6491, 4330)
(6490, 4329)
(6489, 4329)
(6488, 4329)
(6487, 4330)
(6486, 4330)
(6485, 4330)
(6484, 4329)
(6483, 4328)
(6482, 4327)
(6481, 4326)
(6480, 4327)
(6479, 4327)
(6478, 4326)
(6477, 4325)
(6476, 4324)
(6475, 4323)
(6474, 4322)
(6473, 4321)
(6472, 4320)
(6471, 4319)
(6470, 4318)
(6469, 4317)
(6468, 4316)
(6467, 4316)
(6466, 4315)
(6465, 4315)
(6465, 4316)
(6464, 4317)
(6463, 4317)
(6462, 4316)
(6461, 4317)
(6460, 4318)
(6459, 4319)
(6458, 4319)
(6457, 4319)
(6456, 4319)
(6455, 4318)
(6454, 4317)
(6453, 4316)
(6452, 4315)
(6451, 4315)
(6450, 4316)
(6449, 4316)
(6448, 4316)
(6447, 4315)
(6446, 4314)
(6445, 4313)
(6444, 4312)
(6443, 4312)
(6442, 4313)
(6441, 4313)
(6440, 4312)
(6439, 4312)
(6438, 4312)
(6437, 4311)
(6436, 4310)
(6435, 4309)
(6434, 4308)
(6433, 4307)
(6432, 4306)
(6431, 4305)
(6430, 4304)
(6429, 4303)
(6428, 4302)
(6427, 4301)
(6426, 4300)
(6425, 4299)
(6424, 4299)
(6423, 4298)
(6422, 4297)
(6421, 4296)
(6420, 4295)
(6419, 4294)
(6418, 4293)
(6417, 4292)
(6416, 4291)
(6415, 4290)
(6414, 4289)
(6413, 4288)
(6412, 4287)
(6411, 4286)
(6410, 4285)
(6409, 4284)
(6408, 4283)
(6407, 4283)
(6406, 4282)
(6405, 4281)
(6404, 4280)
(6403, 4280)
(6402, 4279)
(6401, 4278)
(6400, 4277)
(6399, 4276)
(6398, 4275)
(6397, 4274)
(6396, 4273)
(6395, 4272)
(6394, 4271)
(6393, 4270)
(6392, 4269)
(6391, 4268)
(6390, 4267)
(6389, 4266)
(6388, 4266)
(6387, 4267)
(6386, 4266)
(6385, 4265)
(6384, 4264)
(6383, 4263)
(6382, 4262)
(6381, 4261)
(6380, 4260)
(6379, 4259)
(6378, 4258)
(6377, 4257)
(6376, 4256)
(6375, 4255)
(6374, 4254)
(6373, 4253)
(6372, 4252)
(6371, 4251)
(6370, 4250)
(6369, 4249)
(6368, 4248)
(6367, 4247)
(6366, 4246)
(6365, 4245)
(6364, 4244)
(6363, 4243)
(6362, 4242)
(6361, 4241)
(6360, 4240)
(6359, 4239)
(6358, 4238)
(6357, 4238)
(6356, 4237)
(6355, 4236)
(6354, 4235)
(6353, 4234)
(6352, 4233)
(6351, 4232)
(6350, 4231)
(6349, 4230)
(6348, 4229)
(6347, 4228)
(6346, 4227)
(6345, 4226)
(6344, 4225)
(6343, 4224)
(6342, 4223)
(6341, 4222)
(6340, 4221)
(6339, 4220)
(6338, 4219)
(6337, 4218)
(6336, 4217)
(6335, 4217)
(6334, 4216)
(6333, 4216)
(6332, 4215)
(6331, 4214)
(6330, 4213)
(6329, 4212)
(6328, 4211)
(6327, 4210)
(6326, 4209)
(6325, 4208)
(6324, 4207)
(6323, 4206)
(6322, 4205)
(6321, 4204)
(6320, 4203)
(6319, 4203)
(6318, 4203)
(6317, 4202)
(6316, 4201)
(6315, 4200)
(6314, 4199)
(6313, 4198)
(6312, 4197)
(6311, 4196)
(6310, 4195)
(6309, 4194)
(6308, 4193)
(6307, 4192)
(6306, 4191)
(6305, 4190)
(6304, 4189)
(6303, 4188)
(6302, 4187)
(6301, 4188)
(6300, 4189)
(6299, 4188)
(6298, 4187)
(6297, 4186)
(6296, 4185)
(6295, 4184)
(6294, 4183)
(6293, 4182)
(6292, 4181)
(6291, 4180)
(6290, 4179)
(6289, 4179)
(6288, 4178)
(6287, 4177)
(6286, 4176)
(6285, 4175)
(6284, 4174)
(6283, 4173)
(6282, 4174)
(6281, 4173)
(6280, 4172)
(6279, 4171)
(6278, 4170)
(6277, 4170)
(6276, 4170)
(6275, 4169)
(6274, 4168)
(6273, 4167)
(6272, 4166)
(6271, 4165)
(6270, 4164)
(6269, 4163)
(6268, 4162)
(6268, 4161)
(6267, 4160)
(6266, 4159)
(6265, 4159)
(6264, 4160)
(6263, 4161)
(6262, 4162)
(6261, 4161)
(6260, 4160)
(6259, 4159)
(6258, 4158)
(6257, 4157)
(6256, 4156)
(6255, 4155)
(6254, 4154)
(6253, 4153)
(6252, 4152)
(6251, 4151)
(6250, 4150)
(6249, 4149)
(6248, 4148)
(6247, 4149)
(6246, 4148)
(6245, 4147)
(6244, 4146)
(6243, 4145)
(6242, 4144)
(6241, 4143)
(6240, 4142)
(6239, 4141)
(6238, 4140)
(6237, 4139)
(6236, 4138)
(6235, 4137)
(6234, 4136)
(6233, 4135)
(6232, 4134)
(6231, 4133)
(6230, 4132)
(6229, 4131)
(6228, 4130)
(6227, 4129)
(6226, 4128)
(6225, 4127)
(6224, 4126)
(6223, 4126)
(6222, 4125)
(6221, 4124)
(6220, 4123)
(6219, 4122)
(6218, 4121)
(6217, 4120)
(6216, 4119)
(6215, 4118)
(6214, 4117)
(6213, 4116)
(6212, 4115)
(6211, 4114)
(6210, 4113)
(6209, 4112)
(6208, 4111)
(6207, 4110)
(6206, 4109)
(6205, 4108)
(6204, 4107)
(6203, 4106)
(6202, 4105)
(6201, 4104)
(6200, 4103)
(6199, 4102)
(6198, 4101)
(6197, 4101)
(6196, 4100)
(6195, 4099)
(6194, 4098)
(6193, 4097)
(6192, 4096)
(6191, 4096)
(6190, 4097)
(6189, 4098)
(6188, 4099)
(6187, 4100)
(6186, 4101)
(6185, 4101)
(6184, 4101)
(6183, 4100)
(6182, 4099)
(6181, 4098)
(6180, 4098)
(6179, 4099)
(6178, 4100)
(6177, 4099)
(6176, 4100)
(6175, 4101)
(6174, 4102)
(6173, 4102)
(6172, 4103)
(6171, 4103)
(6170, 4102)
(6169, 4101)
(6168, 4101)
(6167, 4100)
(6166, 4099)
(6165, 4098)
(6164, 4097)
(6163, 4096)
(6162, 4097)
(6161, 4098)
(6160, 4098)
(6159, 4097)
(6158, 4096)
(6157, 4095)
(6156, 4094)
(6155, 4093)
(6154, 4092)
(6153, 4092)
(6152, 4093)
(6151, 4094)
(6150, 4095)
(6149, 4095)
(6148, 4095)
(6147, 4095)
(6146, 4094)
(6145, 4094)
(6144, 4093)
(6143, 4092)
(6142, 4091)
(6141, 4090)
(6140, 4089)
(6139, 4089)
(6138, 4088)
(6137, 4089)
(6136, 4089)
(6135, 4088)
(6134, 4087)
(6133, 4088)
(6132, 4087)
(6131, 4087)
(6130, 4086)
(6129, 4085)
(6128, 4084)
(6127, 4083)
(6126, 4082)
(6125, 4081)
(6124, 4081)
(6123, 4080)
(6122, 4079)
(6121, 4078)
(6120, 4078)
(6119, 4079)
(6118, 4080)
(6117, 4080)
(6116, 4081)
(6115, 4080)
(6114, 4079)
(6113, 4080)
(6112, 4080)
(6111, 4081)
(6110, 4082)
(6109, 4082)
(6108, 4082)
(6107, 4082)
(6106, 4081)
(6105, 4080)
(6104, 4079)
(6103, 4078)
(6102, 4077)
(6101, 4077)
(6100, 4076)
(6099, 4075)
(6098, 4075)
(6097, 4076)
(6096, 4076)
(6095, 4075)
(6094, 4074)
(6093, 4073)
(6092, 4072)
(6091, 4071)
(6090, 4070)
(6089, 4069)
(6088, 4068)
(6087, 4067)
(6086, 4066)
(6085, 4067)
(6084, 4067)
(6083, 4067)
(6082, 4067)
(6081, 4066)
(6080, 4065)
(6079, 4064)
(6078, 4064)
(6078, 4065)
(6077, 4065)
(6076, 4065)
(6075, 4065)
(6075, 4066)
(6074, 4065)
(6073, 4064)
(6072, 4065)
(6071, 4065)
(6070, 4065)
(6069, 4066)
(6068, 4065)
(6067, 4065)
(6066, 4066)
(6065, 4065)
(6064, 4064)
(6063, 4063)
(6062, 4062)
(6061, 4061)
(6060, 4060)
(6059, 4059)
(6058, 4058)
(6057, 4057)
(6056, 4056)
(6055, 4055)
(6054, 4054)
(6053, 4053)
(6052, 4052)
(6051, 4051)
(6050, 4050)
(6049, 4049)
(6048, 4048)
(6047, 4047)
(6046, 4046)
(6045, 4045)
(6044, 4044)
(6043, 4043)
(6042, 4042)
(6041, 4041)
(6040, 4041)
(6039, 4041)
(6038, 4041)
(6038, 4042)
(6037, 4041)
(6036, 4040)
(6035, 4039)
(6034, 4038)
(6033, 4037)
(6032, 4036)
(6031, 4036)
(6030, 4035)
(6029, 4034)
(6028, 4035)
(6027, 4035)
(6026, 4036)
(6025, 4037)
(6024, 4038)
(6023, 4039)
(6022, 4039)
(6021, 4040)
(6021, 4041)
(6020, 4042)
(6019, 4041)
(6018, 4040)
(6017, 4039)
(6016, 4038)
(6015, 4037)
(6014, 4037)
(6013, 4037)
(6012, 4037)
(6011, 4036)
(6010, 4035)
(6009, 4034)
(6008, 4033)
(6007, 4032)
(6006, 4032)
(6005, 4031)
(6004, 4030)
(6003, 4029)
(6002, 4028)
(6001, 4029)
(6000, 4030)
(5999, 4031)
(5998, 4032)
(5997, 4031)
(5996, 4030)
(5995, 4031)
(5994, 4030)
(5993, 4029)
(5992, 4028)
(5991, 4028)
(5990, 4027)
(5989, 4026)
(5988, 4025)
(5987, 4024)
(5986, 4023)
(5985, 4022)
(5984, 4021)
(5983, 4020)
(5982, 4019)
(5981, 4018)
(5980, 4017)
(5979, 4017)
(5978, 4017)
(5977, 4017)
(5976, 4018)
(5975, 4019)
(5974, 4020)
(5973, 4020)
(5972, 4021)
(5971, 4021)
(5970, 4021)
(5969, 4020)
(5968, 4019)
(5967, 4018)
(5966, 4017)
(5965, 4017)
(5964, 4016)
(5963, 4015)
(5962, 4015)
(5961, 4015)
(5960, 4016)
(5959, 4017)
(5958, 4018)
(5957, 4018)
(5956, 4018)
(5955, 4018)
(5955, 4019)
(5954, 4019)
(5953, 4020)
(5952, 4020)
(5951, 4021)
(5950, 4021)
(5949, 4021)
(5948, 4021)
(5947, 4021)
(5946, 4022)
(5945, 4023)
(5944, 4024)
(5943, 4025)
(5942, 4024)
(5941, 4023)
(5940, 4022)
(5939, 4021)
(5938, 4021)
(5937, 4020)
(5936, 4019)
(5935, 4018)
(5934, 4017)
(5933, 4016)
(5932, 4015)
(5931, 4014)
(5930, 4013)
(5929, 4012)
(5928, 4012)
(5927, 4011)
(5926, 4010)
(5925, 4009)
(5924, 4008)
(5923, 4007)
(5922, 4006)
(5921, 4005)
(5920, 4004)
(5919, 4003)
(5918, 4002)
(5917, 4001)
(5916, 4000)
(5915, 4000)
(5914, 4000)
(5913, 3999)
(5912, 3998)
(5911, 3998)
(5910, 3998)
(5909, 3998)
(5908, 3999)
(5907, 3999)
(5906, 3999)
(5905, 3999)
(5904, 3999)
(5903, 3998)
(5902, 3998)
(5901, 3998)
(5900, 3998)
(5899, 3998)
(5898, 3998)
(5897, 3997)
(5896, 3997)
(5895, 3996)
(5894, 3997)
(5893, 3996)
(5892, 3995)
(5891, 3994)
(5890, 3993)
(5889, 3993)
(5888, 3993)
(5887, 3992)
(5886, 3991)
(5885, 3990)
(5884, 3989)
(5883, 3990)
(5882, 3990)
(5881, 3990)
(5880, 3989)
(5879, 3989)
(5878, 3989)
(5877, 3989)
(5876, 3990)
(5875, 3989)
(5874, 3988)
(5873, 3989)
(5872, 3989)
(5871, 3988)
(5870, 3987)
(5869, 3986)
(5868, 3985)
(5867, 3984)
(5866, 3983)
(5865, 3983)
(5864, 3982)
(5863, 3981)
(5862, 3982)
(5861, 3982)
(5860, 3982)
(5859, 3982)
(5858, 3982)
(5857, 3981)
(5856, 3982)
(5855, 3982)
(5854, 3981)
(5853, 3980)
(5852, 3979)
(5851, 3979)
(5850, 3978)
(5849, 3978)
(5848, 3979)
(5847, 3979)
(5846, 3980)
(5845, 3979)
(5844, 3980)
(5843, 3981)
(5842, 3982)
(5841, 3981)
(5840, 3981)
(5839, 3980)
(5838, 3979)
(5837, 3979)
(5836, 3980)
(5835, 3981)
(5834, 3982)
(5833, 3982)
(5832, 3981)
(5831, 3980)
(5830, 3979)
(5829, 3978)
(5828, 3977)
(5827, 3976)
(5826, 3975)
(5825, 3974)
(5824, 3973)
(5823, 3972)
(5822, 3971)
(5821, 3971)
(5820, 3970)
(5819, 3969)
(5818, 3968)
(5817, 3967)
(5816, 3966)
(5815, 3965)
(5814, 3964)
(5813, 3963)
(5812, 3962)
(5811, 3961)
(5810, 3960)
(5809, 3959)
(5808, 3958)
(5807, 3957)
(5806, 3956)
(5805, 3955)
(5804, 3954)
(5803, 3953)
(5802, 3953)
(5801, 3954)
(5800, 3955)
(5799, 3956)
(5798, 3957)
(5797, 3957)
(5796, 3957)
(5795, 3958)
(5794, 3958)
(5793, 3957)
(5792, 3956)
(5791, 3955)
(5790, 3955)
(5789, 3955)
(5788, 3954)
(5787, 3953)
(5786, 3953)
(5785, 3952)
(5784, 3952)
(5783, 3952)
(5782, 3952)
(5781, 3953)
(5780, 3954)
(5779, 3955)
(5778, 3956)
(5777, 3956)
(5776, 3956)
(5775, 3956)
(5774, 3955)
(5773, 3954)
(5772, 3953)
(5771, 3953)
(5770, 3952)
(5769, 3952)
(5768, 3953)
(5767, 3954)
(5766, 3954)
(5765, 3953)
(5764, 3952)
(5763, 3951)
(5762, 3950)
(5761, 3949)
(5760, 3948)
(5759, 3947)
(5758, 3946)
(5757, 3945)
(5756, 3944)
(5755, 3943)
(5754, 3942)
(5753, 3941)
(5752, 3940)
(5751, 3939)
(5750, 3938)
(5749, 3939)
(5748, 3938)
(5747, 3937)
(5746, 3937)
(5745, 3938)
(5744, 3938)
(5743, 3937)
(5742, 3936)
(5741, 3935)
(5740, 3934)
(5739, 3935)
(5738, 3936)
(5737, 3936)
(5736, 3936)
(5735, 3936)
(5734, 3936)
(5733, 3935)
(5732, 3934)
(5731, 3933)
(5730, 3932)
(5729, 3932)
(5728, 3933)
(5727, 3933)
(5726, 3934)
(5725, 3934)
(5724, 3933)
(5723, 3933)
(5722, 3934)
(5721, 3935)
(5720, 3935)
(5719, 3935)
(5718, 3935)
(5717, 3934)
(5716, 3934)
(5715, 3933)
(5714, 3932)
(5713, 3931)
(5712, 3930)
(5711, 3929)
(5710, 3928)
(5709, 3928)
(5708, 3928)
(5707, 3927)
(5706, 3926)
(5705, 3925)
(5704, 3924)
(5703, 3923)
(5702, 3922)
(5701, 3922)
(5700, 3922)
(5699, 3923)
(5698, 3924)
(5697, 3925)
(5696, 3926)
(5695, 3926)
(5694, 3925)
(5693, 3924)
(5692, 3923)
(5691, 3922)
(5690, 3921)
(5689, 3920)
(5688, 3920)
(5687, 3920)
(5686, 3920)
(5685, 3919)
(5684, 3919)
(5683, 3919)
(5682, 3919)
(5681, 3918)
(5680, 3918)
(5679, 3919)
(5678, 3920)
(5677, 3921)
(5676, 3920)
(5675, 3921)
(5674, 3920)
(5673, 3920)
(5672, 3920)
(5671, 3921)
(5670, 3922)
(5669, 3922)
(5668, 3921)
(5667, 3921)
(5666, 3921)
(5665, 3920)
(5664, 3919)
(5663, 3918)
(5662, 3917)
(5661, 3916)
(5660, 3915)
(5659, 3915)
(5658, 3915)
(5657, 3915)
(5656, 3914)
(5655, 3913)
(5654, 3912)
(5653, 3912)
(5652, 3912)
(5651, 3912)
(5650, 3912)
(5649, 3911)
(5648, 3910)
(5647, 3910)
(5646, 3909)
(5645, 3909)
(5644, 3910)
(5643, 3911)
(5642, 3912)
(5641, 3913)
(5640, 3913)
(5639, 3913)
(5638, 3914)
(5637, 3915)
(5636, 3916)
(5635, 3915)
(5634, 3915)
(5633, 3914)
(5632, 3913)
(5631, 3914)
(5630, 3915)
(5629, 3915)
(5628, 3915)
(5627, 3915)
(5626, 3914)
(5625, 3914)
(5624, 3914)
(5623, 3914)
(5622, 3913)
(5621, 3912)
(5620, 3912)
(5619, 3911)
(5618, 3910)
(5617, 3909)
(5616, 3908)
(5615, 3907)
(5614, 3906)
(5613, 3905)
(5612, 3904)
(5611, 3903)
(5610, 3902)
(5609, 3901)
(5608, 3900)
(5607, 3899)
(5606, 3898)
(5605, 3897)
(5604, 3896)
(5603, 3896)
(5602, 3897)
(5601, 3898)
(5600, 3898)
(5599, 3897)
(5598, 3896)
(5597, 3895)
(5596, 3895)
(5595, 3896)
(5594, 3897)
(5593, 3898)
(5592, 3899)
(5591, 3900)
(5590, 3899)
(5589, 3900)
(5588, 3901)
(5587, 3901)
(5586, 3901)
(5585, 3901)
(5584, 3901)
(5583, 3902)
(5582, 3901)
(5581, 3901)
(5580, 3901)
(5579, 3900)
(5578, 3899)
(5577, 3898)
(5576, 3898)
(5575, 3898)
(5574, 3898)
(5573, 3898)
(5572, 3898)
(5571, 3898)
(5570, 3897)
(5569, 3896)
(5568, 3896)
(5567, 3895)
(5566, 3894)
(5565, 3893)
(5564, 3892)
(5563, 3892)
(5562, 3891)
(5561, 3890)
(5560, 3890)
(5559, 3889)
(5558, 3888)
(5557, 3887)
(5556, 3887)
(5555, 3887)
(5554, 3886)
(5553, 3885)
(5552, 3885)
(5551, 3884)
(5550, 3884)
(5549, 3883)
(5548, 3882)
(5547, 3881)
(5546, 3880)
(5545, 3879)
(5544, 3878)
(5543, 3878)
(5542, 3879)
(5541, 3880)
(5540, 3881)
(5539, 3881)
(5538, 3880)
(5537, 3879)
(5536, 3878)
(5535, 3877)
(5534, 3876)
(5533, 3875)
(5532, 3874)
(5531, 3873)
(5530, 3873)
(5529, 3873)
(5528, 3872)
(5527, 3871)
(5526, 3871)
(5525, 3871)
(5524, 3871)
(5523, 3871)
(5522, 3870)
(5521, 3869)
(5520, 3868)
(5519, 3867)
(5518, 3866)
(5517, 3865)
(5516, 3865)
(5515, 3864)
(5514, 3863)
(5513, 3863)
(5512, 3862)
(5511, 3862)
(5510, 3862)
(5509, 3863)
(5508, 3863)
(5507, 3864)
(5506, 3865)
(5505, 3865)
(5504, 3865)
(5503, 3865)
(5502, 3866)
(5501, 3867)
(5500, 3867)
(5499, 3867)
(5498, 3867)
(5497, 3867)
(5496, 3866)
(5495, 3866)
(5494, 3866)
(5493, 3865)
(5492, 3864)
(5491, 3863)
(5490, 3863)
(5489, 3862)
(5488, 3861)
(5487, 3861)
(5486, 3861)
(5485, 3860)
(5484, 3860)
(5483, 3860)
(5482, 3860)
(5481, 3860)
(5480, 3860)
(5479, 3860)
(5478, 3860)
(5477, 3860)
(5476, 3860)
(5475, 3861)
(5474, 3862)
(5473, 3863)
(5472, 3864)
(5471, 3865)
(5470, 3866)
(5469, 3867)
(5468, 3867)
(5467, 3867)
(5466, 3866)
(5465, 3865)
(5464, 3865)
(5463, 3866)
(5462, 3867)
(5461, 3866)
(5460, 3866)
(5459, 3866)
(5458, 3866)
(5457, 3866)
(5456, 3865)
(5455, 3864)
(5454, 3864)
(5453, 3864)
(5452, 3865)
(5451, 3866)
(5450, 3866)
(5449, 3866)
(5448, 3867)
(5447, 3867)
(5446, 3866)
(5445, 3867)
(5444, 3868)
(5443, 3869)
(5442, 3869)
(5441, 3870)
(5440, 3871)
(5439, 3870)
(5438, 3870)
(5437, 3869)
(5436, 3868)
(5435, 3869)
(5434, 3869)
(5433, 3870)
(5432, 3870)
(5431, 3870)
(5430, 3870)
(5429, 3870)
(5428, 3869)
(5427, 3870)
(5426, 3871)
(5425, 3872)
(5424, 3873)
(5423, 3874)
(5422, 3875)
(5421, 3875)
(5420, 3875)
(5419, 3875)
(5418, 3875)
(5417, 3876)
(5416, 3876)
(5415, 3875)
(5414, 3874)
(5413, 3874)
(5412, 3873)
(5411, 3872)
(5410, 3872)
(5409, 3871)
(5408, 3870)
(5407, 3869)
(5406, 3868)
(5405, 3868)
(5404, 3867)
(5403, 3866)
(5402, 3865)
(5401, 3864)
(5400, 3864)
(5399, 3864)
(5398, 3864)
(5397, 3863)
(5396, 3863)
(5395, 3863)
(5394, 3862)
(5393, 3861)
(5392, 3861)
(5391, 3862)
(5390, 3863)
(5389, 3864)
(5388, 3865)
(5387, 3864)
(5386, 3863)
(5385, 3862)
(5384, 3862)
(5383, 3862)
(5382, 3861)
(5381, 3860)
(5380, 3861)
(5379, 3862)
(5378, 3863)
(5377, 3864)
(5376, 3864)
(5375, 3865)
(5374, 3864)
(5373, 3863)
(5372, 3862)
(5371, 3862)
(5370, 3861)
(5369, 3862)
(5368, 3863)
(5367, 3863)
(5366, 3864)
(5365, 3864)
(5364, 3863)
(5363, 3862)
(5362, 3861)
(5361, 3860)
(5360, 3859)
(5359, 3858)
(5358, 3857)
(5357, 3856)
(5357, 3857)
(5356, 3857)
(5356, 3858)
(5355, 3858)
(5354, 3857)
(5353, 3858)
(5352, 3858)
(5351, 3857)
(5350, 3857)
(5349, 3856)
(5348, 3855)
(5347, 3854)
(5346, 3853)
(5345, 3852)
(5344, 3851)
(5343, 3850)
(5342, 3849)
(5341, 3848)
(5340, 3848)
(5339, 3847)
(5338, 3846)
(5337, 3845)
(5336, 3844)
(5335, 3843)
(5334, 3842)
(5333, 3841)
(5332, 3842)
(5331, 3841)
(5330, 3841)
(5329, 3841)
(5328, 3842)
(5327, 3841)
(5326, 3840)
(5325, 3839)
(5324, 3839)
(5323, 3838)
(5322, 3837)
(5321, 3836)
(5320, 3835)
(5319, 3834)
(5318, 3834)
(5317, 3833)
(5316, 3832)
(5315, 3831)
(5314, 3830)
(5313, 3829)
(5312, 3828)
(5311, 3827)
(5310, 3827)
(5309, 3826)
(5308, 3825)
(5307, 3824)
(5306, 3824)
(5305, 3824)
(5304, 3823)
(5303, 3822)
(5302, 3821)
(5301, 3820)
(5300, 3819)
(5299, 3818)
(5298, 3817)
(5297, 3816)
(5296, 3817)
(5295, 3816)
(5294, 3815)
(5293, 3814)
(5292, 3813)
(5291, 3812)
(5290, 3811)
(5289, 3810)
(5288, 3809)
(5287, 3808)
(5286, 3807)
(5285, 3806)
(5284, 3806)
(5283, 3807)
(5282, 3806)
(5281, 3805)
(5280, 3806)
(5279, 3806)
(5278, 3805)
(5277, 3805)
(5276, 3806)
(5275, 3805)
(5274, 3804)
(5273, 3804)
(5272, 3805)
(5271, 3804)
(5270, 3803)
(5269, 3802)
(5268, 3801)
(5267, 3800)
(5266, 3799)
(5265, 3798)
(5264, 3797)
(5263, 3796)
(5262, 3795)
(5261, 3794)
(5260, 3793)
(5259, 3794)
(5258, 3794)
(5257, 3793)
(5256, 3793)
(5255, 3792)
(5254, 3792)
(5253, 3793)
(5252, 3793)
(5251, 3793)
(5250, 3792)
(5249, 3791)
(5248, 3790)
(5247, 3789)
(5246, 3788)
(5245, 3787)
(5244, 3787)
(5243, 3787)
(5243, 3788)
(5242, 3788)
(5241, 3788)
(5240, 3787)
(5239, 3787)
(5238, 3787)
(5237, 3788)
(5238, 3788)
(5237, 3789)
(5236, 3790)
(5235, 3790)
(5234, 3790)
(5233, 3791)
(5232, 3792)
(5231, 3792)
(5230, 3792)
(5229, 3792)
(5230, 3793)
(5229, 3793)
(5228, 3794)
(5227, 3794)
(5226, 3795)
(5225, 3795)
(5224, 3795)
(5223, 3795)
(5222, 3796)
(5221, 3797)
(5220, 3797)
(5219, 3798)
(5218, 3799)
(5217, 3800)
(5216, 3801)
(5215, 3802)
(5214, 3803)
(5213, 3804)
(5212, 3804)
(5211, 3805)
(5210, 3805)
(5209, 3806)
(5208, 3807)
(5207, 3808)
(5207, 3809)
(5207, 3810)
(5206, 3811)
(5206, 3812)
(5205, 3813)
(5204, 3814)
(5203, 3815)
(5202, 3815)
(5201, 3815)
(5200, 3815)
(5199, 3814)
(5198, 3815)
(5197, 3815)
(5196, 3815)
(5195, 3814)
(5194, 3813)
(5193, 3812)
(5192, 3811)
(5191, 3810)
(5190, 3809)
(5189, 3809)
(5188, 3808)
(5187, 3807)
(5186, 3806)
(5185, 3805)
(5184, 3804)
(5183, 3803)
(5182, 3802)
(5181, 3801)
(5180, 3800)
(5179, 3800)
(5178, 3799)
(5177, 3798)
(5176, 3797)
(5175, 3796)
(5174, 3795)
(5173, 3794)
(5172, 3793)
(5171, 3792)
(5170, 3791)
(5169, 3790)
(5168, 3789)
(5167, 3788)
(5166, 3788)
(5165, 3789)
(5164, 3789)
(5163, 3789)
(5162, 3789)
(5161, 3788)
(5160, 3787)
(5159, 3786)
(5158, 3785)
(5157, 3784)
(5156, 3784)
(5155, 3783)
(5154, 3782)
(5153, 3782)
(5152, 3781)
(5151, 3781)
(5150, 3782)
(5149, 3783)
(5149, 3784)
(5148, 3784)
(5147, 3784)
(5146, 3783)
(5145, 3782)
(5144, 3781)
(5143, 3780)
(5142, 3780)
(5141, 3780)
(5140, 3781)
(5139, 3782)
(5138, 3782)
(5137, 3781)
(5136, 3780)
(5135, 3780)
(5134, 3780)
(5133, 3780)
(5132, 3779)
(5131, 3778)
(5130, 3777)
(5129, 3776)
(5128, 3775)
(5127, 3775)
(5126, 3775)
(5125, 3774)
(5124, 3773)
(5123, 3772)
(5122, 3771)
(5121, 3770)
(5120, 3769)
(5119, 3768)
(5118, 3767)
(5117, 3766)
(5116, 3765)
(5115, 3764)
(5114, 3763)
(5113, 3762)
(5112, 3761)
(5111, 3760)
(5110, 3759)
(5109, 3758)
(5108, 3757)
(5107, 3756)
(5106, 3755)
(5105, 3754)
(5104, 3753)
(5104, 3752)
(5103, 3751)
(5102, 3750)
(5101, 3749)
(5100, 3748)
(5099, 3747)
(5098, 3746)
(5097, 3746)
(5096, 3745)
(5095, 3744)
(5094, 3743)
(5093, 3742)
(5092, 3741)
(5091, 3740)
(5090, 3741)
(5089, 3741)
(5088, 3741)
(5087, 3740)
(5086, 3739)
(5085, 3739)
(5084, 3738)
(5083, 3737)
(5082, 3736)
(5081, 3735)
(5080, 3734)
(5079, 3733)
(5078, 3732)
(5077, 3732)
(5076, 3732)
(5075, 3731)
(5074, 3730)
(5073, 3729)
(5072, 3728)
(5071, 3727)
(5070, 3726)
(5069, 3725)
(5068, 3725)
(5067, 3724)
(5066, 3724)
(5065, 3723)
(5064, 3722)
(5063, 3723)
(5062, 3722)
(5061, 3723)
(5060, 3723)
(5059, 3723)
(5058, 3722)
(5057, 3722)
(5056, 3722)
(5055, 3722)
(5054, 3722)
(5053, 3723)
(5052, 3723)
(5051, 3723)
(5050, 3723)
(5050, 3724)
(5050, 3725)
(5049, 3726)
(5048, 3726)
(5047, 3726)
(5046, 3726)
(5045, 3726)
(5044, 3725)
(5043, 3724)
(5042, 3723)
(5041, 3722)
(5040, 3721)
(5039, 3720)
(5038, 3719)
(5037, 3718)
(5036, 3719)
(5035, 3719)
(5034, 3719)
(5033, 3719)
(5032, 3720)
(5031, 3721)
(5031, 3722)
(5030, 3722)
(5029, 3723)
(5028, 3722)
(5027, 3721)
(5026, 3720)
(5025, 3719)
(5024, 3718)
(5023, 3717)
(5022, 3717)
(5021, 3716)
(5020, 3716)
(5019, 3716)
(5018, 3716)
(5017, 3715)
(5016, 3715)
(5015, 3716)
(5014, 3717)
(5013, 3718)
(5012, 3719)
(5011, 3720)
(5010, 3721)
(5009, 3722)
(5008, 3721)
(5007, 3721)
(5006, 3721)
(5005, 3720)
(5004, 3719)
(5003, 3718)
(5002, 3717)
(5001, 3717)
(5000, 3717)
(4999, 3716)
(4998, 3716)
(4997, 3716)
(4996, 3715)
(4995, 3714)
(4994, 3713)
(4993, 3712)
(4992, 3712)
(4991, 3711)
(4990, 3710)
(4989, 3709)
(4988, 3708)
(4987, 3707)
(4986, 3707)
(4985, 3706)
(4984, 3705)
(4983, 3704)
(4982, 3703)
(4981, 3702)
(4980, 3702)
(4979, 3701)
(4978, 3700)
(4977, 3699)
(4976, 3699)
(4975, 3699)
(4974, 3699)
(4973, 3700)
(4972, 3699)
(4971, 3699)
(4970, 3698)
(4969, 3697)
(4968, 3697)
(4967, 3698)
(4966, 3698)
(4965, 3698)
(4964, 3697)
(4963, 3696)
(4962, 3695)
(4961, 3694)
(4960, 3693)
(4959, 3692)
(4958, 3691)
(4957, 3690)
(4956, 3689)
(4955, 3688)
(4954, 3687)
(4953, 3686)
(4952, 3685)
(4951, 3684)
(4950, 3683)
(4949, 3682)
(4948, 3681)
(4947, 3681)
(4946, 3680)
(4945, 3679)
(4944, 3678)
(4943, 3677)
(4942, 3676)
(4941, 3675)
(4940, 3674)
(4939, 3673)
(4938, 3672)
(4937, 3671)
(4936, 3670)
(4935, 3669)
(4934, 3668)
(4933, 3667)
(4932, 3667)
(4931, 3667)
(4930, 3666)
(4929, 3666)
(4928, 3667)
(4927, 3666)
(4926, 3665)
(4925, 3664)
(4924, 3664)
(4923, 3663)
(4922, 3662)
(4921, 3661)
(4920, 3661)
(4919, 3660)
(4918, 3661)
(4917, 3662)
(4916, 3663)
(4915, 3664)
(4914, 3663)
(4913, 3662)
(4912, 3661)
(4911, 3660)
(4910, 3659)
(4909, 3658)
(4908, 3657)
(4907, 3656)
(4906, 3655)
(4905, 3654)
(4904, 3653)
(4903, 3654)
(4902, 3654)
(4901, 3655)
(4900, 3655)
(4899, 3656)
(4898, 3656)
(4897, 3656)
(4896, 3655)
(4895, 3654)
(4894, 3655)
(4893, 3656)
(4892, 3657)
(4891, 3658)
(4890, 3659)
(4889, 3660)
(4888, 3661)
(4887, 3662)
(4886, 3663)
(4885, 3664)
(4884, 3665)
(4883, 3666)
(4882, 3667)
(4881, 3667)
(4880, 3667)
(4879, 3668)
(4878, 3668)
(4877, 3669)
(4876, 3670)
(4875, 3671)
(4874, 3672)
(4873, 3673)
(4872, 3674)
(4871, 3675)
(4870, 3675)
(4870, 3676)
(4869, 3677)
(4869, 3678)
(4868, 3678)
(4867, 3678)
(4866, 3678)
(4865, 3677)
(4864, 3677)
(4863, 3677)
(4863, 3678)
(4862, 3677)
(4861, 3677)
(4861, 3678)
(4860, 3678)
(4859, 3678)
(4858, 3679)
(4857, 3678)
(4856, 3677)
(4855, 3678)
(4854, 3679)
(4853, 3680)
(4852, 3679)
(4851, 3678)
(4850, 3677)
(4849, 3677)
(4848, 3676)
(4847, 3675)
(4846, 3675)
(4845, 3674)
(4844, 3674)
(4844, 3675)
(4843, 3675)
(4842, 3675)
(4841, 3676)
(4840, 3675)
(4839, 3674)
(4838, 3673)
(4837, 3672)
(4836, 3671)
(4835, 3670)
(4834, 3669)
(4833, 3668)
(4832, 3667)
(4831, 3666)
(4830, 3665)
(4829, 3664)
(4828, 3663)
(4827, 3662)
(4826, 3662)
(4825, 3661)
(4824, 3661)
(4823, 3660)
(4822, 3659)
(4821, 3659)
(4820, 3658)
(4819, 3657)
(4818, 3656)
(4817, 3655)
(4816, 3656)
(4815, 3657)
(4814, 3658)
(4813, 3659)
(4812, 3660)
(4811, 3661)
(4810, 3661)
(4809, 3660)
(4808, 3659)
(4807, 3660)
(4806, 3660)
(4805, 3660)
(4804, 3660)
(4803, 3660)
(4802, 3660)
(4801, 3659)
(4800, 3658)
(4799, 3657)
(4798, 3656)
(4797, 3655)
(4796, 3654)
(4795, 3653)
(4794, 3652)
(4793, 3651)
(4792, 3650)
(4791, 3649)
(4790, 3648)
(4789, 3647)
(4788, 3646)
(4787, 3645)
(4786, 3645)
(4785, 3644)
(4784, 3643)
(4783, 3642)
(4782, 3641)
(4781, 3640)
(4780, 3639)
(4779, 3638)
(4778, 3637)
(4777, 3636)
(4776, 3636)
(4775, 3636)
(4774, 3636)
(4773, 3637)
(4772, 3636)
(4771, 3635)
(4770, 3635)
(4769, 3634)
(4768, 3633)
(4767, 3632)
(4766, 3632)
(4765, 3631)
(4764, 3630)
(4763, 3629)
(4762, 3628)
(4761, 3627)
(4760, 3626)
(4759, 3625)
(4758, 3624)
(4757, 3623)
(4756, 3622)
(4755, 3621)
(4754, 3620)
(4753, 3619)
(4752, 3618)
(4751, 3617)
(4750, 3616)
(4749, 3615)
(4748, 3614)
(4747, 3615)
(4746, 3614)
(4745, 3613)
(4744, 3613)
(4743, 3613)
(4742, 3612)
(4741, 3611)
(4740, 3610)
(4739, 3609)
(4738, 3608)
(4737, 3607)
(4736, 3606)
(4735, 3605)
(4734, 3604)
(4733, 3603)
(4732, 3602)
(4731, 3601)
(4730, 3600)
(4729, 3599)
(4728, 3598)
(4727, 3597)
(4726, 3596)
(4725, 3595)
(4724, 3594)
(4723, 3593)
(4722, 3592)
(4721, 3591)
(4720, 3590)
(4719, 3589)
(4718, 3588)
(4717, 3587)
(4716, 3586)
(4715, 3585)
(4714, 3584)
(4713, 3583)
(4712, 3582)
(4711, 3581)
(4710, 3580)
(4709, 3579)
(4708, 3580)
(4707, 3579)
(4706, 3578)
(4705, 3577)
(4704, 3576)
(4703, 3575)
(4702, 3574)
(4701, 3573)
(4700, 3572)
(4699, 3571)
(4698, 3570)
(4697, 3569)
(4696, 3570)
(4695, 3569)
(4694, 3568)
(4693, 3567)
(4692, 3566)
(4691, 3565)
(4690, 3564)
(4689, 3563)
(4688, 3562)
(4687, 3561)
(4686, 3560)
(4685, 3559)
(4684, 3558)
(4683, 3557)
(4682, 3556)
(4681, 3555)
(4680, 3554)
(4679, 3553)
(4678, 3552)
(4677, 3551)
(4676, 3550)
(4675, 3549)
(4674, 3548)
(4673, 3547)
(4672, 3546)
(4671, 3545)
(4670, 3544)
(4669, 3543)
(4668, 3543)
(4667, 3543)
(4666, 3543)
(4665, 3542)
(4664, 3541)
(4663, 3541)
(4662, 3540)
(4661, 3540)
(4660, 3540)
(4659, 3540)
(4658, 3539)
(4657, 3538)
(4656, 3537)
(4655, 3536)
(4654, 3535)
(4653, 3534)
(4652, 3533)
(4651, 3532)
(4650, 3531)
(4649, 3530)
(4648, 3529)
(4647, 3528)
(4646, 3527)
(4645, 3526)
(4644, 3525)
(4643, 3524)
(4642, 3523)
(4641, 3522)
(4640, 3521)
(4639, 3520)
(4638, 3519)
(4637, 3518)
(4636, 3517)
(4635, 3516)
(4634, 3515)
(4633, 3514)
(4632, 3513)
(4631, 3512)
(4630, 3511)
(4629, 3510)
(4628, 3509)
(4627, 3508)
(4626, 3507)
(4625, 3506)
(4624, 3505)
(4623, 3504)
(4622, 3503)
(4621, 3502)
(4620, 3501)
(4619, 3500)
(4618, 3499)
(4617, 3498)
(4616, 3497)
(4615, 3496)
(4614, 3495)
(4613, 3494)
(4612, 3493)
(4611, 3492)
(4610, 3491)
(4609, 3490)
(4608, 3489)
(4607, 3488)
(4606, 3487)
(4605, 3486)
(4604, 3485)
(4603, 3484)
(4602, 3483)
(4601, 3482)
(4600, 3481)
(4599, 3480)
(4598, 3479)
(4597, 3478)
(4596, 3478)
(4595, 3477)
(4594, 3476)
(4593, 3475)
(4592, 3474)
(4591, 3473)
(4590, 3472)
(4589, 3471)
(4588, 3470)
(4587, 3469)
(4586, 3468)
(4585, 3468)
(4584, 3467)
(4583, 3466)
(4582, 3465)
(4581, 3464)
(4580, 3463)
(4579, 3462)
(4578, 3461)
(4577, 3460)
(4576, 3459)
(4575, 3458)
(4574, 3457)
(4573, 3456)
(4572, 3455)
(4571, 3454)
(4570, 3453)
(4569, 3452)
(4568, 3451)
(4567, 3450)
(4566, 3449)
(4565, 3448)
(4564, 3447)
(4563, 3446)
(4562, 3445)
(4561, 3444)
(4560, 3443)
(4559, 3442)
(4558, 3441)
(4557, 3440)
(4556, 3439)
(4555, 3438)
(4554, 3437)
(4553, 3436)
(4552, 3435)
(4551, 3434)
(4550, 3433)
(4549, 3432)
(4548, 3431)
(4547, 3430)
(4546, 3429)
(4545, 3428)
(4544, 3427)
(4543, 3426)
(4542, 3426)
(4541, 3426)
(4540, 3425)
(4539, 3424)
(4538, 3423)
(4537, 3422)
(4536, 3422)
(4535, 3421)
(4534, 3420)
(4533, 3419)
(4532, 3418)
(4531, 3417)
(4530, 3416)
(4529, 3415)
(4528, 3414)
(4527, 3415)
(4526, 3414)
(4525, 3413)
(4524, 3412)
(4523, 3413)
(4522, 3412)
(4521, 3411)
(4520, 3410)
(4519, 3409)
(4518, 3408)
(4517, 3408)
(4516, 3407)
(4515, 3406)
(4514, 3405)
(4513, 3404)
(4512, 3403)
(4511, 3402)
(4510, 3401)
(4509, 3402)
(4508, 3402)
(4507, 3401)
(4506, 3400)
(4505, 3399)
(4504, 3398)
(4503, 3397)
(4502, 3396)
(4501, 3396)
(4500, 3395)
(4499, 3394)
(4498, 3393)
(4497, 3392)
(4496, 3391)
(4495, 3390)
(4494, 3389)
(4493, 3388)
(4492, 3387)
(4491, 3386)
(4490, 3385)
(4489, 3384)
(4488, 3383)
(4487, 3382)
(4486, 3381)
(4485, 3380)
(4484, 3380)
(4483, 3379)
(4482, 3378)
(4481, 3377)
(4480, 3376)
(4479, 3375)
(4478, 3374)
(4477, 3373)
(4476, 3372)
(4475, 3371)
(4474, 3370)
(4473, 3369)
(4472, 3368)
(4471, 3367)
(4470, 3366)
(4469, 3366)
(4468, 3366)
(4468, 3367)
(4467, 3366)
(4466, 3365)
(4465, 3364)
(4464, 3363)
(4463, 3362)
(4462, 3361)
(4461, 3360)
(4460, 3359)
(4459, 3358)
(4458, 3357)
(4457, 3356)
(4456, 3355)
(4455, 3354)
(4454, 3353)
(4453, 3352)
(4452, 3351)
(4451, 3350)
(4450, 3349)
(4449, 3348)
(4448, 3347)
(4447, 3347)
(4446, 3346)
(4445, 3345)
(4444, 3344)
(4443, 3343)
(4442, 3342)
(4441, 3342)
(4440, 3343)
(4439, 3342)
(4438, 3342)
(4437, 3341)
(4436, 3340)
(4435, 3339)
(4434, 3338)
(4433, 3337)
(4432, 3336)
(4431, 3336)
(4430, 3335)
(4429, 3334)
(4428, 3333)
(4427, 3332)
(4426, 3331)
(4425, 3330)
(4424, 3329)
(4423, 3328)
(4422, 3327)
(4421, 3327)
(4420, 3326)
(4419, 3327)
(4418, 3327)
(4417, 3328)
(4416, 3327)
(4415, 3327)
(4414, 3326)
(4413, 3325)
(4412, 3324)
(4411, 3323)
(4410, 3322)
(4409, 3322)
(4408, 3322)
(4407, 3321)
(4406, 3320)
(4405, 3319)
(4404, 3318)
(4403, 3317)
(4402, 3316)
(4401, 3315)
(4400, 3315)
(4399, 3314)
(4398, 3313)
(4397, 3312)
(4396, 3311)
(4395, 3311)
(4394, 3310)
(4393, 3309)
(4392, 3308)
(4391, 3307)
(4390, 3306)
(4389, 3305)
(4388, 3304)
(4387, 3303)
(4386, 3302)
(4385, 3301)
(4384, 3300)
(4383, 3299)
(4382, 3298)
(4381, 3297)
(4380, 3296)
(4379, 3295)
(4378, 3294)
(4377, 3293)
(4376, 3292)
(4375, 3291)
(4374, 3290)
(4373, 3289)
(4372, 3290)
(4371, 3289)
(4370, 3288)
(4369, 3287)
(4368, 3286)
(4367, 3285)
(4366, 3284)
(4365, 3283)
(4364, 3282)
(4363, 3281)
(4362, 3280)
(4361, 3279)
(4360, 3278)
(4359, 3277)
(4358, 3276)
(4357, 3276)
(4356, 3275)
(4355, 3276)
(4354, 3275)
(4353, 3275)
(4352, 3275)
(4351, 3274)
(4350, 3273)
(4349, 3272)
(4348, 3271)
(4347, 3270)
(4346, 3269)
(4345, 3268)
(4344, 3267)
(4343, 3267)
(4342, 3266)
(4341, 3265)
(4340, 3264)
(4339, 3263)
(4338, 3262)
(4337, 3261)
(4336, 3260)
(4335, 3259)
(4334, 3258)
(4333, 3257)
(4332, 3256)
(4331, 3255)
(4330, 3254)
(4329, 3253)
(4328, 3252)
(4327, 3251)
(4326, 3250)
(4325, 3249)
(4324, 3248)
(4323, 3248)
(4322, 3247)
(4321, 3246)
(4320, 3245)
(4319, 3244)
(4318, 3243)
(4317, 3242)
(4316, 3241)
(4315, 3240)
(4314, 3239)
(4313, 3238)
(4312, 3238)
(4311, 3239)
(4310, 3238)
(4309, 3237)
(4308, 3236)
(4307, 3235)
(4306, 3234)
(4305, 3233)
(4304, 3232)
(4303, 3231)
(4302, 3230)
(4301, 3229)
(4300, 3228)
(4299, 3227)
(4298, 3226)
(4297, 3225)
(4296, 3224)
(4295, 3223)
(4294, 3222)
(4293, 3221)
(4292, 3220)
(4291, 3219)
(4290, 3219)
(4289, 3218)
(4288, 3217)
(4287, 3216)
(4286, 3217)
(4285, 3216)
(4284, 3215)
(4283, 3214)
(4282, 3213)
(4281, 3212)
(4280, 3211)
(4279, 3211)
(4278, 3212)
(4277, 3211)
(4276, 3210)
(4275, 3209)
(4274, 3208)
(4273, 3207)
(4272, 3206)
(4271, 3205)
(4270, 3204)
(4269, 3203)
(4268, 3202)
(4267, 3201)
(4266, 3200)
(4265, 3200)
(4264, 3200)
(4263, 3199)
(4262, 3198)
(4261, 3197)
(4260, 3196)
(4259, 3195)
(4258, 3194)
(4257, 3193)
(4256, 3192)
(4255, 3191)
(4254, 3190)
(4253, 3189)
(4252, 3188)
(4251, 3187)
(4250, 3186)
(4249, 3185)
(4248, 3184)
(4247, 3184)
(4246, 3183)
(4245, 3182)
(4244, 3181)
(4243, 3180)
(4242, 3179)
(4241, 3178)
(4240, 3178)
(4239, 3177)
(4238, 3176)
(4237, 3175)
(4236, 3174)
(4235, 3173)
(4234, 3172)
(4233, 3171)
(4232, 3170)
(4231, 3169)
(4230, 3168)
(4229, 3167)
(4228, 3166)
(4227, 3165)
(4226, 3164)
(4225, 3163)
(4224, 3162)
(4223, 3161)
(4222, 3160)
(4221, 3159)
(4220, 3158)
(4219, 3157)
(4218, 3156)
(4217, 3155)
(4216, 3154)
(4215, 3153)
(4214, 3152)
(4213, 3151)
(4212, 3150)
(4211, 3149)
(4210, 3148)
(4209, 3147)
(4208, 3146)
(4207, 3145)
(4206, 3144)
(4205, 3143)
(4204, 3142)
(4203, 3141)
(4202, 3140)
(4201, 3139)
(4200, 3138)
(4199, 3137)
(4198, 3136)
(4197, 3135)
(4196, 3134)
(4195, 3133)
(4194, 3132)
(4193, 3131)
(4192, 3130)
(4191, 3129)
(4190, 3128)
(4189, 3127)
(4188, 3126)
(4187, 3125)
(4186, 3124)
(4185, 3123)
(4184, 3122)
(4183, 3121)
(4182, 3120)
(4181, 3119)
(4180, 3118)
(4179, 3117)
(4178, 3116)
(4177, 3116)
(4176, 3116)
(4175, 3115)
(4174, 3114)
(4173, 3113)
(4172, 3112)
(4171, 3111)
(4170, 3111)
(4169, 3111)
(4168, 3110)
(4167, 3110)
(4166, 3110)
(4165, 3110)
(4164, 3109)
(4163, 3108)
(4162, 3107)
(4161, 3106)
(4160, 3105)
(4159, 3106)
(4158, 3105)
(4157, 3105)
(4156, 3104)
(4155, 3103)
(4154, 3102)
(4153, 3101)
(4152, 3100)
(4151, 3099)
(4150, 3098)
(4149, 3097)
(4148, 3096)
(4147, 3095)
(4146, 3094)
(4145, 3093)
(4144, 3092)
(4143, 3091)
(4142, 3090)
(4141, 3089)
(4140, 3088)
(4139, 3088)
(4138, 3087)
(4137, 3086)
(4136, 3085)
(4135, 3084)
(4134, 3083)
(4133, 3082)
(4132, 3081)
(4131, 3081)
(4130, 3080)
(4129, 3079)
(4128, 3078)
(4127, 3078)
(4126, 3077)
(4125, 3076)
(4124, 3075)
(4123, 3074)
(4122, 3073)
(4121, 3072)
(4120, 3071)
(4119, 3070)
(4118, 3069)
(4117, 3068)
(4116, 3069)
(4115, 3069)
(4114, 3068)
(4113, 3067)
(4112, 3066)
(4111, 3065)
(4110, 3064)
(4109, 3063)
(4108, 3062)
(4107, 3061)
(4106, 3060)
(4105, 3059)
(4104, 3058)
(4103, 3057)
(4102, 3057)
(4101, 3058)
(4100, 3058)
(4099, 3057)
(4098, 3056)
(4097, 3055)
(4096, 3054)
(4095, 3053)
(4094, 3053)
(4093, 3052)
(4092, 3051)
(4091, 3050)
(4090, 3049)
(4089, 3048)
(4088, 3048)
(4087, 3047)
(4086, 3046)
(4085, 3045)
(4084, 3044)
(4083, 3043)
(4082, 3042)
(4081, 3041)
(4080, 3040)
(4079, 3039)
(4078, 3038)
(4077, 3037)
(4076, 3036)
(4075, 3035)
(4074, 3034)
(4073, 3033)
(4072, 3032)
(4071, 3031)
(4070, 3030)
(4069, 3029)
(4068, 3028)
(4067, 3027)
(4066, 3027)
(4065, 3027)
(4064, 3026)
(4063, 3025)
(4062, 3024)
(4061, 3023)
(4060, 3022)
(4059, 3021)
(4058, 3020)
(4057, 3019)
(4056, 3020)
(4055, 3019)
(4054, 3018)
(4053, 3018)
(4052, 3018)
(4051, 3017)
(4050, 3016)
(4049, 3015)
(4048, 3014)
(4047, 3013)
(4046, 3012)
(4045, 3011)
(4044, 3010)
(4043, 3009)
(4042, 3008)
(4041, 3007)
(4040, 3006)
(4039, 3006)
(4038, 3005)
(4037, 3004)
(4036, 3003)
(4035, 3002)
(4034, 3001)
(4035, 3000)
(4034, 2999)
(4033, 2998)
(4032, 2997)
(4031, 2996)
(4030, 2996)
(4029, 2995)
(4028, 2994)
(4027, 2993)
(4026, 2992)
(4025, 2991)
(4024, 2990)
(4023, 2989)
(4022, 2988)
(4021, 2987)
(4020, 2986)
(4019, 2985)
(4018, 2984)
(4017, 2983)
(4016, 2982)
(4015, 2981)
(4014, 2980)
(4013, 2979)
(4012, 2978)
(4011, 2977)
(4010, 2978)
(4009, 2977)
(4008, 2976)
(4007, 2975)
(4006, 2974)
(4005, 2974)
(4004, 2974)
(4003, 2973)
(4002, 2972)
(4001, 2973)
(4000, 2972)
(3999, 2971)
(3998, 2970)
(3997, 2969)
(3996, 2968)
(3995, 2967)
(3994, 2966)
(3993, 2965)
(3992, 2964)
(3991, 2963)
(3990, 2962)
(3989, 2961)
(3988, 2960)
(3987, 2959)
(3986, 2958)
(3985, 2957)
(3984, 2956)
(3983, 2955)
(3982, 2954)
(3981, 2953)
(3980, 2952)
(3979, 2951)
(3978, 2950)
(3977, 2949)
(3976, 2948)
(3975, 2947)
(3974, 2946)
(3973, 2945)
(3972, 2944)
(3971, 2943)
(3970, 2942)
(3969, 2941)
(3968, 2940)
(3967, 2939)
(3966, 2938)
(3965, 2937)
(3964, 2936)
(3963, 2935)
(3962, 2934)
(3961, 2933)
(3960, 2932)
(3959, 2931)
(3958, 2930)
(3957, 2929)
(3956, 2928)
(3955, 2927)
(3954, 2926)
(3953, 2925)
(3952, 2924)
(3951, 2923)
(3950, 2922)
(3949, 2921)
(3948, 2920)
(3947, 2919)
(3946, 2918)
(3945, 2917)
(3944, 2916)
(3943, 2915)
(3942, 2914)
(3941, 2913)
(3940, 2912)
(3939, 2911)
(3938, 2910)
(3937, 2909)
(3936, 2908)
(3935, 2907)
(3934, 2906)
(3933, 2905)
(3932, 2904)
(3931, 2903)
(3930, 2902)
(3929, 2901)
(3928, 2900)
(3927, 2899)
(3926, 2898)
(3925, 2897)
(3924, 2896)
(3923, 2895)
(3922, 2894)
(3921, 2893)
(3920, 2892)
(3919, 2891)
(3918, 2890)
(3917, 2890)
(3916, 2889)
(3915, 2888)
(3914, 2887)
(3913, 2886)
(3912, 2885)
(3911, 2884)
(3910, 2883)
(3909, 2882)
(3908, 2882)
(3907, 2882)
(3906, 2881)
(3905, 2880)
(3904, 2879)
(3903, 2878)
(3902, 2877)
(3901, 2876)
(3900, 2875)
(3899, 2874)
(3898, 2873)
(3897, 2872)
(3896, 2871)
(3895, 2870)
(3894, 2869)
(3893, 2868)
(3892, 2867)
(3891, 2866)
(3890, 2865)
(3889, 2864)
(3888, 2863)
(3887, 2862)
(3886, 2861)
(3885, 2860)
(3884, 2859)
(3883, 2858)
(3882, 2857)
(3881, 2856)
(3880, 2855)
(3879, 2854)
(3878, 2853)
(3877, 2852)
(3876, 2851)
(3875, 2850)
(3874, 2849)
(3873, 2848)
(3872, 2847)
(3871, 2846)
(3870, 2845)
(3869, 2844)
(3868, 2843)
(3867, 2842)
(3866, 2841)
(3865, 2840)
(3864, 2839)
(3863, 2838)
(3862, 2837)
(3861, 2836)
(3860, 2835)
(3859, 2834)
(3858, 2834)
(3857, 2833)
(3856, 2832)
(3855, 2832)
(3854, 2831)
(3853, 2830)
(3852, 2829)
(3851, 2828)
(3850, 2827)
(3849, 2826)
(3848, 2825)
(3847, 2824)
(3846, 2823)
(3845, 2822)
(3844, 2821)
(3843, 2820)
(3842, 2819)
(3841, 2819)
(3840, 2818)
(3839, 2817)
(3838, 2816)
(3837, 2815)
(3836, 2814)
(3835, 2813)
(3834, 2814)
(3833, 2813)
(3832, 2812)
(3831, 2811)
(3830, 2810)
(3829, 2809)
(3828, 2808)
(3827, 2807)
(3826, 2806)
(3825, 2805)
(3824, 2804)
(3823, 2803)
(3822, 2802)
(3821, 2801)
(3820, 2800)
(3819, 2799)
(3818, 2798)
(3817, 2797)
(3816, 2796)
(3815, 2795)
(3814, 2796)
(3813, 2796)
(3812, 2795)
(3811, 2794)
(3810, 2793)
(3809, 2792)
(3808, 2791)
(3807, 2790)
(3806, 2789)
(3805, 2788)
(3804, 2787)
(3803, 2786)
(3802, 2785)
(3801, 2784)
(3800, 2783)
(3799, 2782)
(3798, 2781)
(3797, 2780)
(3796, 2779)
(3795, 2780)
(3794, 2779)
(3793, 2779)
(3792, 2778)
(3791, 2777)
(3790, 2776)
(3789, 2775)
(3788, 2775)
(3787, 2776)
(3786, 2776)
(3785, 2776)
(3784, 2776)
(3783, 2776)
(3782, 2776)
(3781, 2776)
(3780, 2776)
(3779, 2775)
(3778, 2776)
(3777, 2776)
(3776, 2775)
(3775, 2775)
(3774, 2774)
(3773, 2775)
(3772, 2774)
(3771, 2773)
(3770, 2772)
(3769, 2772)
(3768, 2771)
(3767, 2770)
(3766, 2769)
(3765, 2768)
(3764, 2767)
(3763, 2766)
(3762, 2765)
(3761, 2764)
(3760, 2763)
(3759, 2762)
(3758, 2761)
(3757, 2760)
(3756, 2759)
(3755, 2758)
(3754, 2757)
(3753, 2756)
(3752, 2755)
(3751, 2754)
(3750, 2753)
(3749, 2752)
(3748, 2751)
(3747, 2750)
(3746, 2749)
(3745, 2748)
(3744, 2748)
(3743, 2748)
(3742, 2747)
(3741, 2746)
(3740, 2746)
(3739, 2745)
(3738, 2744)
(3737, 2743)
(3736, 2742)
(3735, 2742)
(3734, 2741)
(3733, 2740)
(3732, 2739)
(3731, 2738)
(3730, 2737)
(3729, 2736)
(3728, 2735)
(3727, 2734)
(3726, 2733)
(3725, 2732)
(3724, 2731)
(3723, 2730)
(3722, 2730)
(3721, 2729)
(3720, 2728)
(3719, 2727)
(3718, 2726)
(3717, 2725)
(3716, 2724)
(3715, 2725)
(3714, 2725)
(3713, 2726)
(3712, 2727)
(3711, 2726)
(3710, 2725)
(3709, 2725)
(3708, 2724)
(3707, 2723)
(3706, 2722)
(3705, 2721)
(3704, 2720)
(3703, 2719)
(3702, 2718)
(3701, 2717)
(3700, 2716)
(3699, 2715)
(3698, 2714)
(3697, 2713)
(3696, 2712)
(3695, 2711)
(3694, 2710)
(3693, 2709)
(3692, 2708)
(3691, 2707)
(3690, 2706)
(3689, 2705)
(3688, 2704)
(3687, 2703)
(3686, 2702)
(3685, 2701)
(3684, 2700)
(3683, 2699)
(3682, 2698)
(3681, 2697)
(3680, 2696)
(3679, 2695)
(3678, 2694)
(3677, 2694)
(3676, 2693)
(3675, 2692)
(3674, 2691)
(3673, 2691)
(3672, 2690)
(3671, 2689)
(3670, 2688)
(3669, 2688)
(3668, 2687)
(3667, 2686)
(3666, 2685)
(3665, 2686)
(3664, 2687)
(3663, 2688)
(3662, 2689)
(3661, 2690)
(3660, 2690)
(3659, 2689)
(3658, 2688)
(3657, 2687)
(3656, 2686)
(3655, 2685)
(3654, 2684)
(3653, 2683)
(3652, 2682)
(3651, 2681)
(3650, 2680)
(3649, 2679)
(3648, 2678)
(3647, 2677)
(3646, 2676)
(3645, 2675)
(3644, 2674)
(3643, 2673)
(3642, 2672)
(3641, 2671)
(3640, 2670)
(3639, 2670)
(3638, 2671)
(3637, 2672)
(3636, 2673)
(3635, 2674)
(3634, 2675)
(3633, 2676)
(3632, 2677)
(3631, 2677)
(3630, 2678)
(3629, 2678)
(3628, 2677)
(3627, 2676)
(3626, 2675)
(3625, 2674)
(3624, 2673)
(3623, 2672)
(3622, 2671)
(3621, 2670)
(3620, 2669)
(3619, 2668)
(3618, 2667)
(3617, 2666)
(3616, 2665)
(3615, 2664)
(3614, 2663)
(3613, 2662)
(3612, 2662)
(3611, 2661)
(3610, 2660)
(3609, 2659)
(3608, 2658)
(3607, 2658)
(3606, 2657)
(3605, 2656)
(3604, 2655)
(3603, 2654)
(3602, 2653)
(3601, 2652)
(3600, 2651)
(3599, 2650)
(3598, 2649)
(3597, 2649)
(3596, 2648)
(3595, 2647)
(3594, 2646)
(3593, 2645)
(3592, 2644)
(3591, 2643)
(3590, 2642)
(3589, 2641)
(3588, 2640)
(3587, 2639)
(3586, 2639)
(3585, 2638)
(3584, 2637)
(3583, 2636)
(3582, 2635)
(3581, 2634)
(3580, 2633)
(3579, 2632)
(3578, 2631)
(3577, 2630)
(3576, 2629)
(3575, 2628)
(3574, 2627)
(3573, 2627)
(3572, 2627)
(3571, 2627)
(3570, 2627)
(3569, 2628)
(3568, 2629)
(3567, 2629)
(3566, 2628)
(3565, 2628)
(3564, 2627)
(3563, 2626)
(3562, 2625)
(3561, 2624)
(3560, 2624)
(3559, 2623)
(3558, 2622)
(3557, 2621)
(3556, 2620)
(3555, 2619)
(3554, 2618)
(3553, 2617)
(3552, 2617)
(3551, 2617)
(3550, 2617)
(3549, 2617)
(3548, 2617)
(3547, 2617)
(3546, 2617)
(3545, 2618)
(3544, 2618)
(3543, 2619)
(3542, 2620)
(3541, 2621)
(3540, 2622)
(3539, 2623)
(3538, 2624)
(3538, 2625)
(3537, 2625)
(3536, 2626)
(3535, 2627)
(3534, 2627)
(3533, 2628)
(3532, 2629)
(3531, 2630)
(3530, 2631)
(3529, 2632)
(3528, 2633)
(3527, 2634)
(3526, 2634)
(3525, 2635)
(3524, 2636)
(3523, 2637)
(3522, 2638)
(3521, 2638)
(3520, 2639)
(3519, 2640)
(3519, 2641)
(3518, 2641)
(3517, 2641)
(3516, 2640)
(3515, 2640)
(3514, 2640)
(3513, 2641)
(3512, 2642)
(3511, 2643)
(3510, 2643)
(3509, 2644)
(3508, 2644)
(3507, 2643)
(3506, 2643)
(3505, 2643)
(3504, 2643)
(3503, 2643)
(3502, 2643)
(3501, 2643)
(3500, 2643)
(3499, 2643)
(3498, 2643)
(3497, 2643)
(3496, 2643)
(3495, 2644)
(3494, 2645)
(3493, 2646)
(3492, 2646)
(3491, 2646)
(3490, 2646)
(3489, 2646)
(3488, 2646)
(3487, 2647)
(3486, 2648)
(3485, 2649)
(3484, 2650)
(3483, 2650)
(3482, 2651)
(3481, 2652)
(3480, 2653)
(3479, 2653)
(3478, 2652)
(3477, 2652)
(3476, 2653)
(3475, 2654)
(3474, 2653)
(3473, 2653)
(3472, 2654)
(3472, 2655)
(3471, 2655)
(3470, 2656)
(3469, 2657)
(3468, 2658)
(3467, 2659)
(3466, 2659)
(3465, 2659)
(3464, 2660)
(3463, 2661)
(3462, 2661)
(3461, 2661)
(3460, 2661)
(3459, 2661)
(3458, 2662)
(3457, 2663)
(3456, 2663)
(3455, 2664)
(3454, 2665)
(3453, 2665)
(3452, 2665)
(3451, 2665)
(3450, 2666)
(3449, 2667)
(3448, 2668)
(3447, 2669)
(3446, 2669)
(3446, 2670)
(3445, 2670)
(3444, 2670)
(3443, 2671)
(3442, 2672)
(3441, 2673)
(3440, 2674)
(3439, 2675)
(3438, 2676)
(3437, 2677)
(3436, 2678)
(3436, 2679)
(3435, 2679)
(3435, 2680)
(3434, 2680)
(3433, 2681)
(3432, 2682)
(3431, 2682)
(3430, 2683)
(3429, 2684)
(3428, 2685)
(3427, 2686)
(3426, 2687)
(3425, 2688)
(3424, 2688)
(3423, 2687)
(3422, 2686)
(3421, 2685)
(3420, 2685)
(3419, 2684)
(3418, 2684)
(3418, 2685)
(3417, 2685)
(3416, 2685)
(3415, 2685)
(3414, 2686)
(3413, 2686)
(3412, 2687)
(3411, 2687)
(3410, 2687)
(3409, 2687)
(3408, 2687)
(3407, 2687)
(3406, 2688)
(3405, 2689)
(3404, 2689)
(3404, 2690)
(3403, 2690)
(3402, 2691)
(3401, 2692)
(3401, 2693)
(3400, 2693)
(3399, 2693)
(3398, 2694)
(3398, 2695)
(3397, 2695)
(3396, 2696)
(3395, 2697)
(3394, 2698)
(3393, 2698)
(3392, 2699)
(3391, 2700)
(3390, 2700)
(3389, 2700)
(3388, 2700)
(3387, 2700)
(3386, 2701)
(3385, 2702)
(3384, 2702)
(3383, 2702)
(3382, 2702)
(3381, 2703)
(3380, 2704)
(3379, 2704)
(3378, 2704)
(3377, 2704)
(3376, 2704)
(3375, 2705)
(3374, 2705)
(3373, 2706)
(3372, 2707)
(3371, 2708)
(3370, 2709)
(3369, 2709)
(3368, 2709)
(3367, 2709)
(3366, 2709)
(3365, 2710)
(3364, 2711)
(3363, 2710)
(3362, 2710)
(3361, 2711)
(3360, 2710)
(3359, 2709)
(3359, 2710)
(3358, 2710)
(3357, 2711)
(3356, 2711)
(3355, 2712)
(3354, 2712)
(3353, 2711)
(3352, 2710)
(3351, 2710)
(3350, 2710)
(3349, 2711)
(3348, 2712)
(3347, 2712)
(3346, 2712)
(3345, 2711)
(3344, 2710)
(3343, 2711)
(3342, 2711)
(3341, 2711)
(3340, 2711)
(3339, 2710)
(3338, 2710)
(3337, 2710)
(3336, 2709)
(3335, 2709)
(3334, 2709)
(3333, 2708)
(3332, 2707)
(3331, 2706)
(3330, 2705)
(3329, 2704)
(3328, 2703)
(3327, 2704)
(3326, 2704)
(3325, 2703)
(3324, 2702)
(3323, 2703)
(3322, 2704)
(3321, 2705)
(3320, 2706)
(3319, 2707)
(3318, 2708)
(3317, 2708)
(3316, 2708)
(3315, 2708)
(3314, 2708)
(3313, 2708)
(3312, 2708)
(3311, 2708)
(3310, 2708)
(3309, 2707)
(3308, 2707)
(3307, 2707)
(3306, 2706)
(3305, 2705)
(3304, 2704)
(3303, 2705)
(3302, 2706)
(3301, 2707)
(3300, 2707)
(3299, 2707)
(3298, 2707)
(3297, 2707)
(3296, 2706)
(3295, 2705)
(3294, 2705)
(3293, 2704)
(3292, 2703)
(3291, 2702)
(3291, 2703)
(3290, 2703)
(3289, 2703)
(3288, 2702)
(3287, 2702)
(3286, 2702)
(3285, 2701)
(3284, 2701)
(3283, 2702)
(3282, 2702)
(3281, 2701)
(3280, 2701)
(3279, 2701)
(3278, 2701)
(3277, 2700)
(3276, 2699)
(3275, 2698)
(3274, 2698)
(3273, 2698)
(3272, 2698)
(3271, 2698)
(3270, 2698)
(3269, 2697)
(3268, 2696)
(3267, 2695)
(3266, 2694)
(3265, 2694)
(3264, 2694)
(3263, 2694)
(3262, 2693)
(3261, 2692)
(3260, 2691)
(3259, 2690)
(3258, 2689)
(3257, 2688)
(3256, 2687)
(3255, 2686)
(3254, 2685)
(3253, 2684)
(3252, 2683)
(3251, 2682)
(3250, 2681)
(3249, 2680)
(3248, 2679)
(3247, 2678)
(3246, 2677)
(3245, 2676)
(3244, 2675)
(3243, 2676)
(3242, 2675)
(3241, 2674)
(3240, 2674)
(3239, 2673)
(3238, 2672)
(3237, 2671)
(3236, 2670)
(3235, 2669)
(3234, 2668)
(3233, 2667)
(3232, 2666)
(3231, 2665)
(3230, 2664)
(3229, 2664)
(3228, 2663)
(3227, 2662)
(3226, 2661)
(3225, 2660)
(3224, 2659)
(3223, 2658)
(3222, 2657)
(3221, 2656)
(3220, 2655)
(3219, 2654)
(3218, 2654)
(3217, 2653)
(3216, 2652)
(3215, 2651)
(3214, 2650)
(3213, 2649)
(3212, 2648)
(3211, 2647)
(3210, 2646)
(3209, 2645)
(3208, 2644)
(3207, 2643)
(3206, 2642)
(3205, 2641)
(3204, 2640)
(3203, 2640)
(3202, 2640)
(3201, 2639)
(3200, 2638)
(3199, 2637)
(3198, 2636)
(3197, 2635)
(3196, 2634)
(3195, 2633)
(3194, 2632)
(3193, 2631)
(3192, 2630)
(3191, 2629)
(3190, 2628)
(3189, 2627)
(3188, 2626)
(3187, 2625)
(3186, 2624)
(3185, 2623)
(3184, 2622)
(3183, 2621)
(3182, 2620)
(3181, 2619)
(3180, 2618)
(3179, 2617)
(3178, 2616)
(3177, 2615)
(3176, 2614)
(3175, 2613)
(3174, 2612)
(3173, 2611)
(3172, 2611)
(3171, 2610)
(3170, 2610)
(3169, 2610)
(3168, 2609)
(3167, 2608)
(3166, 2608)
(3165, 2608)
(3164, 2607)
(3163, 2607)
(3162, 2606)
(3161, 2605)
(3160, 2604)
(3159, 2603)
(3158, 2602)
(3157, 2601)
(3156, 2600)
(3155, 2600)
(3154, 2599)
(3153, 2598)
(3152, 2597)
(3151, 2596)
(3150, 2595)
(3149, 2594)
(3148, 2593)
(3147, 2592)
(3146, 2591)
(3145, 2590)
(3144, 2589)
(3143, 2588)
(3142, 2587)
(3141, 2586)
(3140, 2585)
(3139, 2584)
(3138, 2583)
(3137, 2582)
(3136, 2582)
(3135, 2581)
(3134, 2580)
(3133, 2579)
(3132, 2578)
(3131, 2577)
(3130, 2576)
(3129, 2575)
(3128, 2574)
(3127, 2573)
(3126, 2572)
(3125, 2571)
(3124, 2570)
(3123, 2569)
(3122, 2568)
(3121, 2567)
(3120, 2566)
(3119, 2565)
(3118, 2564)
(3117, 2563)
(3116, 2562)
(3115, 2561)
(3114, 2560)
(3113, 2559)
(3112, 2559)
(3111, 2558)
(3110, 2557)
(3109, 2556)
(3108, 2555)
(3107, 2554)
(3106, 2554)
(3105, 2554)
(3104, 2553)
(3103, 2552)
(3102, 2551)
(3101, 2550)
(3100, 2549)
(3099, 2548)
(3098, 2547)
(3097, 2547)
(3096, 2546)
(3095, 2545)
(3094, 2544)
(3093, 2543)
(3092, 2542)
(3091, 2541)
(3090, 2540)
(3089, 2540)
(3088, 2539)
(3087, 2538)
(3086, 2537)
(3085, 2536)
(3084, 2535)
(3083, 2534)
(3082, 2533)
(3081, 2532)
(3080, 2531)
(3079, 2530)
(3078, 2529)
(3077, 2529)
(3076, 2529)
(3075, 2528)
(3074, 2527)
(3073, 2526)
(3072, 2525)
(3071, 2524)
(3070, 2523)
(3069, 2522)
(3068, 2522)
(3067, 2522)
(3066, 2521)
(3065, 2520)
(3064, 2519)
(3063, 2518)
(3062, 2517)
(3061, 2516)
(3060, 2515)
(3059, 2514)
(3058, 2513)
(3057, 2512)
(3056, 2511)
(3055, 2510)
(3054, 2509)
(3053, 2508)
(3052, 2507)
(3051, 2506)
(3050, 2506)
(3049, 2505)
(3048, 2504)
(3047, 2503)
(3046, 2502)
(3045, 2501)
(3044, 2500)
(3043, 2500)
(3042, 2499)
(3041, 2498)
(3040, 2497)
(3039, 2496)
(3038, 2495)
(3037, 2494)
(3036, 2493)
(3035, 2492)
(3034, 2491)
(3033, 2490)
(3032, 2489)
(3031, 2488)
(3030, 2487)
(3029, 2486)
(3028, 2485)
(3027, 2484)
(3026, 2483)
(3025, 2482)
(3024, 2481)
(3023, 2480)
(3022, 2479)
(3021, 2478)
(3020, 2478)
(3019, 2478)
(3018, 2477)
(3017, 2476)
(3016, 2475)
(3015, 2474)
(3014, 2473)
(3013, 2473)
(3012, 2472)
(3011, 2471)
(3010, 2470)
(3009, 2469)
(3008, 2468)
(3007, 2467)
(3006, 2466)
(3005, 2465)
(3004, 2464)
(3003, 2463)
(3002, 2462)
(3001, 2461)
(3000, 2460)
(2999, 2459)
(2998, 2458)
(2997, 2457)
(2996, 2456)
(2995, 2455)
(2994, 2454)
(2993, 2454)
(2992, 2454)
(2991, 2453)
(2990, 2452)
(2989, 2451)
(2988, 2450)
(2987, 2449)
(2986, 2448)
(2985, 2447)
(2984, 2446)
(2983, 2445)
(2982, 2444)
(2981, 2443)
(2980, 2442)
(2979, 2441)
(2978, 2440)
(2977, 2439)
(2976, 2438)
(2975, 2437)
(2974, 2436)
(2973, 2435)
(2972, 2434)
(2971, 2433)
(2970, 2433)
(2969, 2432)
(2968, 2431)
(2967, 2430)
(2966, 2429)
(2965, 2428)
(2964, 2427)
(2963, 2426)
(2962, 2425)
(2961, 2424)
(2960, 2423)
(2959, 2422)
(2958, 2421)
(2957, 2420)
(2956, 2419)
(2955, 2418)
(2954, 2417)
(2953, 2416)
(2952, 2415)
(2951, 2414)
(2950, 2413)
(2949, 2412)
(2948, 2411)
(2947, 2410)
(2946, 2409)
(2945, 2408)
(2944, 2407)
(2943, 2406)
(2942, 2405)
(2941, 2404)
(2940, 2403)
(2939, 2402)
(2938, 2401)
(2937, 2400)
(2936, 2399)
(2935, 2398)
(2934, 2398)
(2933, 2397)
(2932, 2396)
(2931, 2395)
(2930, 2394)
(2929, 2393)
(2928, 2392)
(2927, 2391)
(2926, 2390)
(2925, 2389)
(2924, 2388)
(2923, 2387)
(2922, 2386)
(2921, 2385)
(2920, 2384)
(2919, 2383)
(2918, 2382)
(2917, 2381)
(2916, 2380)
(2915, 2379)
(2914, 2378)
(2913, 2377)
(2912, 2376)
(2911, 2375)
(2910, 2374)
(2909, 2373)
(2908, 2372)
(2907, 2371)
(2906, 2370)
(2905, 2369)
(2904, 2368)
(2903, 2367)
(2902, 2366)
(2901, 2365)
(2900, 2364)
(2899, 2363)
(2898, 2362)
(2897, 2361)
(2896, 2360)
(2895, 2359)
(2894, 2358)
(2893, 2358)
(2892, 2357)
(2891, 2357)
(2890, 2356)
(2889, 2355)
(2888, 2354)
(2887, 2353)
(2886, 2352)
(2885, 2351)
(2884, 2350)
(2883, 2349)
(2882, 2348)
(2881, 2347)
(2880, 2346)
(2879, 2345)
(2878, 2345)
(2877, 2344)
(2876, 2345)
(2875, 2344)
(2874, 2343)
(2873, 2342)
(2872, 2341)
(2871, 2340)
(2870, 2339)
(2869, 2338)
(2868, 2337)
(2867, 2336)
(2866, 2335)
(2865, 2334)
(2864, 2333)
(2863, 2332)
(2862, 2331)
(2861, 2330)
(2860, 2329)
(2859, 2328)
(2858, 2328)
(2857, 2327)
(2856, 2326)
(2855, 2325)
(2854, 2324)
(2853, 2324)
(2852, 2323)
(2851, 2322)
(2850, 2321)
(2849, 2320)
(2848, 2319)
(2847, 2318)
(2846, 2317)
(2845, 2316)
(2844, 2315)
(2843, 2314)
(2842, 2313)
(2841, 2312)
(2840, 2311)
(2839, 2310)
(2838, 2309)
(2837, 2308)
(2836, 2307)
(2835, 2306)
(2834, 2305)
(2833, 2304)
(2832, 2303)
(2831, 2302)
(2830, 2301)
(2829, 2300)
(2828, 2299)
(2827, 2298)
(2826, 2297)
(2825, 2296)
(2824, 2295)
(2823, 2294)
(2822, 2293)
(2821, 2292)
(2820, 2292)
(2819, 2291)
(2818, 2290)
(2817, 2289)
(2816, 2288)
(2815, 2287)
(2814, 2286)
(2813, 2285)
(2812, 2284)
(2811, 2284)
(2810, 2283)
(2809, 2282)
(2808, 2281)
(2807, 2280)
(2806, 2279)
(2805, 2278)
(2804, 2277)
(2803, 2276)
(2802, 2275)
(2801, 2274)
(2800, 2273)
(2799, 2273)
(2798, 2272)
(2797, 2271)
(2796, 2270)
(2795, 2269)
(2794, 2268)
(2793, 2267)
(2792, 2266)
(2791, 2265)
(2790, 2264)
(2789, 2263)
(2788, 2262)
(2787, 2262)
(2786, 2261)
(2785, 2260)
(2784, 2259)
(2783, 2258)
(2782, 2257)
(2781, 2256)
(2780, 2255)
(2779, 2254)
(2778, 2253)
(2777, 2252)
(2776, 2251)
(2775, 2250)
(2774, 2249)
(2773, 2248)
(2772, 2247)
(2771, 2246)
(2770, 2245)
(2769, 2245)
(2768, 2244)
(2767, 2243)
(2766, 2242)
(2765, 2241)
(2764, 2240)
(2763, 2239)
(2762, 2238)
(2761, 2237)
(2760, 2236)
(2759, 2235)
(2758, 2234)
(2757, 2233)
(2756, 2232)
(2755, 2232)
(2754, 2231)
(2753, 2230)
(2752, 2230)
(2751, 2229)
(2750, 2228)
(2749, 2227)
(2748, 2226)
(2747, 2225)
(2746, 2224)
(2745, 2224)
(2744, 2223)
(2743, 2222)
(2742, 2221)
(2741, 2220)
(2740, 2219)
(2739, 2218)
(2738, 2217)
(2737, 2218)
(2736, 2217)
(2735, 2217)
(2734, 2217)
(2733, 2216)
(2732, 2215)
(2731, 2214)
(2730, 2213)
(2729, 2212)
(2728, 2211)
(2727, 2211)
(2726, 2210)
(2725, 2209)
(2724, 2208)
(2723, 2207)
(2722, 2206)
(2721, 2205)
(2720, 2204)
(2719, 2203)
(2718, 2202)
(2717, 2201)
(2716, 2200)
(2715, 2199)
(2714, 2198)
(2713, 2197)
(2712, 2196)
(2711, 2195)
(2710, 2194)
(2709, 2193)
(2708, 2192)
(2707, 2191)
(2706, 2190)
(2705, 2189)
(2704, 2188)
(2703, 2187)
(2702, 2186)
(2701, 2186)
(2700, 2185)
(2699, 2184)
(2698, 2183)
(2697, 2182)
(2696, 2181)
(2695, 2180)
(2694, 2179)
(2693, 2178)
(2692, 2177)
(2691, 2176)
(2690, 2175)
(2689, 2174)
(2688, 2173)
(2687, 2172)
(2686, 2171)
(2685, 2170)
(2684, 2169)
(2683, 2168)
(2682, 2167)
(2681, 2166)
(2680, 2165)
(2679, 2166)
(2678, 2165)
(2677, 2164)
(2676, 2163)
(2675, 2162)
(2674, 2161)
(2673, 2160)
(2672, 2159)
(2671, 2158)
(2670, 2157)
(2669, 2156)
(2668, 2155)
(2667, 2154)
(2666, 2153)
(2665, 2152)
(2664, 2151)
(2663, 2152)
(2662, 2151)
(2661, 2150)
(2660, 2149)
(2659, 2149)
(2658, 2148)
(2657, 2147)
(2656, 2146)
(2655, 2145)
(2654, 2144)
(2653, 2143)
(2652, 2142)
(2651, 2141)
(2650, 2140)
(2649, 2139)
(2648, 2138)
(2647, 2137)
(2646, 2136)
(2645, 2135)
(2644, 2134)
(2643, 2133)
(2642, 2132)
(2641, 2131)
(2640, 2130)
(2639, 2129)
(2638, 2128)
(2637, 2127)
(2636, 2126)
(2635, 2125)
(2634, 2124)
(2633, 2123)
(2632, 2122)
(2631, 2121)
(2630, 2120)
(2629, 2119)
(2628, 2118)
(2627, 2117)
(2626, 2117)
(2625, 2116)
(2624, 2115)
(2623, 2114)
(2622, 2113)
(2621, 2112)
(2620, 2111)
(2619, 2110)
(2618, 2109)
(2617, 2109)
(2616, 2108)
(2615, 2107)
(2614, 2106)
(2613, 2105)
(2612, 2104)
(2611, 2103)
(2610, 2102)
(2609, 2101)
(2608, 2100)
(2607, 2099)
(2606, 2100)
(2605, 2099)
(2604, 2098)
(2603, 2097)
(2602, 2096)
(2601, 2095)
(2600, 2094)
(2599, 2093)
(2598, 2093)
(2597, 2092)
(2596, 2091)
(2595, 2090)
(2594, 2089)
(2593, 2088)
(2592, 2087)
(2591, 2086)
(2590, 2085)
(2589, 2084)
(2588, 2083)
(2587, 2082)
(2586, 2081)
(2585, 2080)
(2584, 2079)
(2583, 2078)
(2582, 2077)
(2581, 2076)
(2580, 2075)
(2579, 2074)
(2578, 2074)
(2577, 2073)
(2576, 2072)
(2575, 2071)
(2574, 2070)
(2573, 2070)
(2572, 2069)
(2571, 2068)
(2570, 2067)
(2569, 2066)
(2568, 2065)
(2567, 2064)
(2566, 2063)
(2565, 2062)
(2564, 2061)
(2563, 2060)
(2562, 2059)
(2561, 2058)
(2560, 2057)
(2559, 2057)
(2558, 2056)
(2557, 2055)
(2556, 2054)
(2555, 2053)
(2554, 2052)
(2553, 2051)
(2552, 2050)
(2551, 2049)
(2550, 2048)
(2549, 2047)
(2548, 2046)
(2547, 2045)
(2546, 2044)
(2545, 2043)
(2544, 2042)
(2543, 2041)
(2542, 2040)
(2541, 2039)
(2540, 2038)
(2539, 2037)
(2538, 2036)
(2537, 2035)
(2536, 2034)
(2535, 2033)
(2534, 2032)
(2533, 2031)
(2532, 2030)
(2531, 2030)
(2530, 2029)
(2529, 2028)
(2528, 2027)
(2527, 2026)
(2526, 2025)
(2525, 2024)
(2524, 2023)
(2523, 2022)
(2522, 2021)
(2521, 2020)
(2520, 2020)
(2519, 2019)
(2518, 2018)
(2517, 2017)
(2516, 2016)
(2515, 2015)
(2514, 2014)
(2513, 2013)
(2512, 2012)
(2511, 2011)
(2510, 2010)
(2509, 2009)
(2508, 2008)
(2507, 2007)
(2506, 2006)
(2505, 2005)
(2504, 2004)
(2503, 2003)
(2502, 2002)
(2501, 2001)
(2500, 2000)
(2499, 1999)
(2498, 1998)
(2497, 1997)
(2496, 1996)
(2495, 1995)
(2494, 1994)
(2493, 1993)
(2492, 1992)
(2491, 1991)
(2490, 1990)
(2489, 1989)
(2488, 1988)
(2487, 1987)
(2486, 1986)
(2485, 1985)
(2484, 1984)
(2483, 1983)
(2482, 1982)
(2481, 1981)
(2480, 1980)
(2479, 1979)
(2478, 1978)
(2477, 1977)
(2476, 1976)
(2475, 1975)
(2474, 1974)
(2473, 1974)
(2472, 1973)
(2471, 1972)
(2470, 1972)
(2469, 1971)
(2468, 1970)
(2467, 1969)
(2466, 1968)
(2465, 1967)
(2464, 1966)
(2463, 1965)
(2462, 1964)
(2461, 1963)
(2460, 1962)
(2459, 1961)
(2458, 1960)
(2457, 1960)
(2456, 1961)
(2455, 1961)
(2454, 1960)
(2453, 1959)
(2452, 1958)
(2451, 1957)
(2450, 1956)
(2449, 1955)
(2448, 1954)
(2447, 1953)
(2446, 1952)
(2445, 1951)
(2444, 1950)
(2443, 1949)
(2442, 1948)
(2441, 1947)
(2440, 1946)
(2439, 1945)
(2438, 1945)
(2437, 1945)
(2436, 1944)
(2435, 1943)
(2434, 1942)
(2433, 1941)
(2432, 1940)
(2431, 1939)
(2430, 1938)
(2429, 1937)
(2428, 1936)
(2427, 1935)
(2426, 1934)
(2425, 1933)
(2424, 1932)
(2423, 1931)
(2422, 1930)
(2421, 1929)
(2420, 1928)
(2419, 1927)
(2418, 1926)
(2417, 1925)
(2416, 1924)
(2415, 1923)
(2414, 1922)
(2413, 1921)
(2412, 1920)
(2411, 1919)
(2410, 1918)
(2409, 1917)
(2408, 1917)
(2407, 1917)
(2406, 1916)
(2405, 1915)
(2404, 1914)
(2403, 1913)
(2402, 1912)
(2401, 1911)
(2400, 1910)
(2399, 1909)
(2398, 1908)
(2397, 1907)
(2396, 1906)
(2395, 1905)
(2394, 1904)
(2393, 1903)
(2392, 1902)
(2391, 1901)
(2390, 1900)
(2389, 1899)
(2388, 1898)
(2387, 1897)
(2386, 1897)
(2385, 1896)
(2384, 1895)
(2383, 1894)
(2382, 1893)
(2381, 1892)
(2380, 1891)
(2379, 1890)
(2378, 1889)
(2377, 1888)
(2376, 1887)
(2375, 1886)
(2374, 1885)
(2373, 1885)
(2372, 1884)
(2371, 1883)
(2370, 1882)
(2369, 1881)
(2368, 1880)
(2367, 1879)
(2366, 1878)
(2365, 1877)
(2364, 1876)
(2363, 1875)
(2362, 1874)
(2361, 1873)
(2360, 1872)
(2359, 1871)
(2358, 1870)
(2357, 1869)
(2356, 1868)
(2355, 1867)
(2354, 1866)
(2353, 1865)
(2352, 1864)
(2351, 1863)
(2350, 1862)
(2349, 1861)
(2348, 1860)
(2347, 1859)
(2346, 1858)
(2345, 1857)
(2344, 1856)
(2343, 1855)
(2342, 1854)
(2341, 1853)
(2340, 1852)
(2339, 1851)
(2338, 1850)
(2337, 1849)
(2336, 1848)
(2335, 1847)
(2334, 1846)
(2333, 1845)
(2332, 1844)
(2331, 1843)
(2330, 1843)
(2329, 1843)
(2328, 1843)
(2327, 1843)
(2326, 1843)
(2325, 1843)
(2324, 1842)
(2323, 1841)
(2322, 1840)
(2321, 1839)
(2320, 1838)
(2319, 1837)
(2318, 1836)
(2317, 1835)
(2316, 1834)
(2315, 1833)
(2314, 1833)
(2313, 1832)
(2312, 1831)
(2311, 1830)
(2310, 1830)
(2309, 1829)
(2308, 1829)
(2307, 1828)
(2306, 1827)
(2305, 1826)
(2304, 1825)
(2303, 1824)
(2302, 1823)
(2301, 1822)
(2300, 1821)
(2299, 1820)
(2298, 1819)
(2297, 1818)
(2296, 1818)
(2295, 1819)
(2294, 1818)
(2293, 1817)
(2292, 1816)
(2291, 1815)
(2290, 1814)
(2289, 1813)
(2288, 1812)
(2287, 1811)
(2286, 1810)
(2285, 1809)
(2284, 1808)
(2283, 1807)
(2282, 1806)
(2281, 1805)
(2280, 1804)
(2279, 1803)
(2278, 1802)
(2277, 1801)
(2276, 1800)
(2275, 1799)
(2274, 1798)
(2273, 1797)
(2272, 1796)
(2271, 1795)
(2270, 1794)
(2269, 1793)
(2268, 1792)
(2267, 1792)
(2266, 1791)
(2265, 1790)
(2264, 1789)
(2263, 1788)
(2262, 1787)
(2261, 1786)
(2260, 1785)
(2259, 1784)
(2258, 1783)
(2257, 1783)
(2256, 1782)
(2255, 1781)
(2254, 1780)
(2253, 1779)
(2252, 1778)
(2251, 1777)
(2250, 1776)
(2249, 1775)
(2248, 1774)
(2247, 1773)
(2246, 1772)
(2245, 1771)
(2244, 1770)
(2243, 1769)
(2242, 1768)
(2241, 1767)
(2240, 1766)
(2239, 1765)
(2238, 1765)
(2237, 1764)
(2236, 1763)
(2235, 1762)
(2234, 1761)
(2233, 1760)
(2232, 1759)
(2231, 1758)
(2230, 1757)
(2229, 1756)
(2228, 1756)
(2227, 1755)
(2226, 1754)
(2225, 1753)
(2224, 1752)
(2223, 1751)
(2222, 1750)
(2221, 1750)
(2220, 1750)
(2219, 1749)
(2218, 1748)
(2217, 1747)
(2216, 1746)
(2215, 1745)
(2214, 1744)
(2213, 1743)
(2212, 1742)
(2211, 1741)
(2210, 1740)
(2209, 1739)
(2208, 1738)
(2207, 1737)
(2206, 1736)
(2205, 1735)
(2204, 1734)
(2203, 1733)
(2202, 1732)
(2201, 1731)
(2200, 1730)
(2199, 1729)
(2198, 1728)
(2197, 1727)
(2196, 1726)
(2195, 1725)
(2194, 1724)
(2193, 1723)
(2192, 1722)
(2191, 1721)
(2190, 1720)
(2189, 1719)
(2188, 1718)
(2187, 1717)
(2186, 1716)
(2185, 1715)
(2184, 1714)
(2183, 1713)
(2182, 1712)
(2181, 1712)
(2180, 1711)
(2179, 1710)
(2178, 1709)
(2177, 1708)
(2176, 1707)
(2175, 1706)
(2174, 1705)
(2173, 1706)
(2172, 1705)
(2171, 1704)
(2170, 1703)
(2169, 1702)
(2168, 1702)
(2167, 1701)
(2166, 1700)
(2165, 1699)
(2164, 1698)
(2163, 1697)
(2162, 1696)
(2161, 1695)
(2160, 1694)
(2159, 1693)
(2158, 1692)
(2157, 1691)
(2156, 1690)
(2155, 1689)
(2154, 1688)
(2153, 1687)
(2152, 1686)
(2151, 1685)
(2150, 1684)
(2149, 1683)
(2148, 1682)
(2147, 1681)
(2146, 1680)
(2145, 1679)
(2144, 1678)
(2143, 1678)
(2142, 1677)
(2141, 1676)
(2140, 1675)
(2139, 1674)
(2138, 1673)
(2137, 1672)
(2136, 1671)
(2135, 1670)
(2134, 1669)
(2133, 1668)
(2132, 1667)
(2131, 1666)
(2130, 1665)
(2129, 1664)
(2128, 1663)
(2127, 1662)
(2126, 1661)
(2125, 1660)
(2124, 1659)
(2123, 1658)
(2122, 1657)
(2121, 1656)
(2120, 1655)
(2119, 1654)
(2118, 1653)
(2117, 1653)
(2116, 1652)
(2115, 1651)
(2114, 1650)
(2113, 1649)
(2112, 1648)
(2111, 1647)
(2110, 1646)
(2109, 1645)
(2108, 1644)
(2107, 1643)
(2106, 1642)
(2105, 1641)
(2104, 1640)
(2103, 1639)
(2102, 1638)
(2101, 1637)
(2100, 1636)
(2099, 1635)
(2098, 1634)
(2097, 1633)
(2096, 1632)
(2095, 1631)
(2094, 1630)
(2093, 1631)
(2092, 1631)
(2091, 1630)
(2090, 1629)
(2089, 1628)
(2088, 1627)
(2087, 1626)
(2086, 1625)
(2085, 1624)
(2084, 1623)
(2083, 1622)
(2082, 1621)
(2081, 1620)
(2080, 1619)
(2079, 1618)
(2078, 1617)
(2077, 1617)
(2076, 1617)
(2075, 1616)
(2074, 1615)
(2073, 1615)
(2072, 1614)
(2071, 1613)
(2070, 1612)
(2069, 1611)
(2068, 1610)
(2067, 1609)
(2066, 1608)
(2065, 1607)
(2064, 1606)
(2063, 1605)
(2062, 1604)
(2061, 1603)
(2060, 1602)
(2059, 1601)
(2058, 1600)
(2057, 1599)
(2056, 1598)
(2055, 1597)
(2054, 1596)
(2053, 1595)
(2052, 1594)
(2051, 1593)
(2050, 1592)
(2049, 1591)
(2048, 1590)
(2047, 1589)
(2046, 1588)
(2045, 1587)
(2044, 1586)
(2043, 1585)
(2042, 1584)
(2041, 1583)
(2040, 1582)
(2039, 1582)
(2038, 1582)
(2037, 1582)
(2036, 1582)
(2035, 1581)
(2034, 1580)
(2033, 1579)
(2032, 1578)
(2031, 1577)
(2030, 1576)
(2029, 1575)
(2028, 1574)
(2027, 1573)
(2026, 1572)
(2025, 1572)
(2024, 1571)
(2023, 1570)
(2022, 1569)
(2021, 1568)
(2020, 1567)
(2019, 1566)
(2018, 1565)
(2017, 1564)
(2016, 1563)
(2015, 1562)
(2014, 1561)
(2013, 1560)
(2012, 1559)
(2011, 1558)
(2010, 1557)
(2009, 1556)
(2008, 1556)
(2007, 1555)
(2006, 1554)
(2005, 1553)
(2004, 1552)
(2003, 1551)
(2002, 1551)
(2001, 1550)
(2000, 1549)
(1999, 1548)
(1998, 1547)
(1997, 1546)
(1996, 1545)
(1995, 1544)
(1994, 1543)
(1993, 1542)
(1992, 1541)
(1991, 1540)
(1990, 1539)
(1989, 1538)
(1988, 1537)
(1987, 1536)
(1986, 1535)
(1985, 1534)
(1984, 1533)
(1983, 1532)
(1982, 1531)
(1981, 1530)
(1980, 1529)
(1979, 1529)
(1978, 1528)
(1977, 1527)
(1976, 1526)
(1975, 1525)
(1974, 1524)
(1973, 1523)
(1972, 1522)
(1971, 1522)
(1970, 1521)
(1969, 1520)
(1968, 1519)
(1967, 1518)
(1966, 1517)
(1965, 1516)
(1964, 1515)
(1963, 1514)
(1962, 1513)
(1961, 1512)
(1960, 1511)
(1959, 1510)
(1958, 1509)
(1957, 1508)
(1956, 1507)
(1955, 1506)
(1954, 1505)
(1953, 1505)
(1952, 1506)
(1951, 1506)
(1950, 1505)
(1949, 1504)
(1948, 1503)
(1947, 1502)
(1946, 1501)
(1945, 1500)
(1944, 1499)
(1943, 1498)
(1942, 1497)
(1941, 1496)
(1940, 1495)
(1939, 1494)
(1938, 1493)
(1937, 1492)
(1936, 1491)
(1935, 1490)
(1934, 1489)
(1933, 1488)
(1932, 1487)
(1931, 1486)
(1930, 1485)
(1929, 1484)
(1928, 1483)
(1927, 1482)
(1926, 1481)
(1925, 1480)
(1924, 1479)
(1923, 1478)
(1922, 1477)
(1921, 1476)
(1920, 1475)
(1919, 1474)
(1918, 1474)
(1917, 1474)
(1916, 1474)
(1915, 1473)
(1914, 1472)
(1913, 1471)
(1912, 1470)
(1911, 1470)
(1910, 1469)
(1910, 1470)
(1909, 1469)
(1908, 1468)
(1907, 1467)
(1906, 1466)
(1905, 1465)
(1904, 1464)
(1903, 1463)
(1902, 1462)
(1901, 1461)
(1900, 1460)
(1899, 1459)
(1898, 1458)
(1897, 1457)
(1896, 1457)
(1895, 1456)
(1894, 1455)
(1893, 1455)
(1892, 1454)
(1891, 1453)
(1890, 1452)
(1889, 1451)
(1888, 1450)
(1887, 1449)
(1886, 1448)
(1885, 1447)
(1884, 1446)
(1883, 1445)
(1882, 1445)
(1881, 1445)
(1880, 1444)
(1879, 1443)
(1878, 1442)
(1877, 1441)
(1876, 1440)
(1875, 1439)
(1874, 1439)
(1873, 1438)
(1872, 1437)
(1871, 1438)
(1870, 1437)
(1869, 1436)
(1868, 1435)
(1867, 1435)
(1866, 1434)
(1865, 1433)
(1864, 1433)
(1863, 1432)
(1862, 1431)
(1861, 1430)
(1860, 1429)
(1859, 1428)
(1858, 1427)
(1857, 1426)
(1856, 1425)
(1855, 1424)
(1854, 1423)
(1853, 1422)
(1852, 1421)
(1851, 1420)
(1850, 1419)
(1849, 1418)
(1848, 1417)
(1847, 1418)
(1846, 1419)
(1845, 1419)
(1844, 1418)
(1843, 1417)
(1842, 1416)
(1841, 1416)
(1840, 1415)
(1839, 1414)
(1838, 1414)
(1837, 1415)
(1836, 1416)
(1835, 1417)
(1835, 1418)
(1834, 1419)
(1833, 1420)
(1832, 1421)
(1831, 1422)
(1831, 1423)
(1830, 1423)
(1829, 1424)
(1828, 1425)
(1827, 1426)
(1826, 1427)
(1825, 1428)
(1824, 1429)
(1823, 1429)
(1822, 1430)
(1821, 1430)
(1820, 1431)
(1820, 1432)
(1819, 1432)
(1818, 1433)
(1817, 1434)
(1816, 1435)
(1815, 1436)
(1815, 1437)
(1814, 1437)
(1813, 1436)
(1812, 1435)
(1811, 1434)
(1810, 1433)
(1809, 1432)
(1808, 1431)
(1807, 1431)
(1806, 1432)
(1805, 1433)
(1804, 1433)
(1803, 1432)
(1802, 1433)
(1801, 1434)
(1800, 1434)
(1799, 1433)
(1798, 1432)
(1797, 1431)
(1796, 1430)
(1795, 1429)
(1794, 1428)
(1793, 1427)
(1792, 1426)
(1791, 1425)
(1790, 1426)
(1789, 1427)
(1788, 1428)
(1787, 1429)
(1786, 1429)
(1785, 1429)
(1784, 1428)
(1783, 1427)
(1782, 1427)
(1781, 1428)
(1780, 1429)
(1779, 1430)
(1778, 1430)
(1777, 1431)
(1776, 1432)
(1775, 1431)
(1774, 1430)
(1773, 1431)
(1772, 1431)
(1771, 1432)
(1771, 1433)
(1770, 1433)
(1770, 1434)
(1769, 1434)
(1768, 1435)
(1768, 1436)
(1768, 1437)
(1767, 1438)
(1767, 1439)
(1767, 1440)
(1768, 1439)
(1768, 1440)
(1768, 1441)
(1768, 1442)
(1768, 1443)
(1768, 1444)
(1769, 1443)
(1770, 1442)
