(8755, 4857)
(8755, 4858)
(8756, 4859)
(8756, 4860)
(8757, 4860)
(8758, 4860)
(8759, 4860)
(8759, 4861)
(8759, 4862)
(8759, 4863)
(8759, 4864)
(8759, 4865)
(8759, 4866)
(8760, 4867)
(8760, 4868)
(8761, 4869)
(8761, 4870)
(8761, 4871)
(8762, 4872)
(8763, 4873)
(8764, 4873)
(8765, 4874)
(8766, 4874)
(8766, 4875)
(8766, 4876)
(8766, 4877)
(8767, 4877)
(8768, 4877)
(8769, 4877)
(8769, 4878)
(8770, 4879)
(8771, 4879)
(8772, 4880)
(8773, 4880)
(8774, 4880)
(8775, 4880)
(8776, 4880)
(8777, 4881)
(8778, 4881)
(8778, 4882)
(8779, 4882)
(8780, 4883)
(8781, 4883)
(8782, 4883)
(8783, 4883)
(8784, 4883)
(8785, 4883)
(8786, 4884)
(8786, 4885)
(8786, 4886)
(8787, 4887)
(8787, 4888)
(8788, 4889)
(8789, 4889)
(8789, 4890)
(8790, 4891)
(8791, 4892)
(8792, 4892)
(8792, 4893)
(8792, 4894)
(8793, 4895)
(8794, 4895)
(8795, 4895)
(8796, 4895)
(8797, 4895)
(8798, 4896)
(8799, 4896)
(8800, 4897)
(8800, 4898)
(8801, 4899)
(8802, 4899)
(8803, 4899)
(8804, 4899)
(8804, 4900)
(8804, 4901)
(8805, 4902)
(8806, 4902)
(8807, 4902)
(8808, 4902)
(8808, 4903)
(8809, 4903)
(8810, 4903)
(8810, 4904)
(8811, 4904)
(8812, 4904)
(8813, 4904)
(8814, 4904)
(8815, 4904)
(8816, 4904)
(8817, 4904)
(8817, 4905)
(8818, 4905)
(8819, 4906)
(8820, 4907)
(8821, 4908)
(8822, 4908)
(8822, 4909)
(8823, 4910)
(8823, 4911)
(8824, 4912)
(8825, 4912)
(8826, 4913)
(8827, 4914)
(8828, 4914)
(8829, 4915)
(8830, 4916)
(8831, 4917)
(8832, 4917)
(8833, 4918)
(8833, 4919)
(8834, 4919)
(8835, 4919)
(8836, 4919)
(8837, 4919)
(8838, 4920)
(8839, 4920)
(8840, 4920)
(8841, 4920)
(8841, 4921)
(8842, 4921)
(8843, 4922)
(8843, 4923)
(8843, 4924)
(8843, 4925)
(8844, 4926)
(8845, 4926)
(8846, 4926)
(8846, 4927)
(8846, 4928)
(8847, 4928)
(8847, 4929)
(8848, 4929)
(8848, 4930)
(8848, 4931)
(8849, 4931)
(8850, 4931)
(8850, 4932)
(8850, 4933)
(8850, 4934)
(8850, 4935)
(8850, 4936)
(8851, 4936)
(8852, 4936)
(8852, 4937)
(8852, 4938)
(8852, 4939)
(8853, 4940)
(8854, 4940)
(8855, 4940)
(8856, 4941)
(8856, 4942)
(8856, 4943)
(8856, 4944)
(8856, 4945)
(8856, 4946)
(8856, 4947)
(8856, 4948)
(8856, 4949)
(8856, 4950)
(8856, 4951)
(8856, 4952)
(8856, 4953)
(8857, 4953)
(8858, 4953)
(8858, 4954)
(8859, 4954)
(8860, 4954)
(8861, 4955)
(8861, 4956)
(8861, 4957)
(8861, 4958)
(8861, 4959)
(8862, 4959)
(8863, 4959)
(8863, 4960)
(8863, 4961)
(8864, 4961)
(8865, 4961)
(8866, 4962)
(8867, 4962)
(8867, 4963)
(8867, 4964)
(8867, 4965)
(8867, 4966)
(8868, 4966)
(8868, 4967)
(8868, 4968)
(8869, 4968)
(8870, 4969)
(8871, 4969)
(8872, 4969)
(8873, 4969)
(8874, 4969)
(8875, 4970)
(8875, 4971)
(8876, 4971)
(8877, 4971)
(8878, 4972)
(8879, 4972)
(8880, 4972)
(8881, 4972)
(8882, 4972)
(8883, 4972)
(8883, 4973)
(8883, 4974)
(8883, 4975)
(8884, 4976)
(8885, 4976)
(8886, 4976)
(8887, 4976)
(8888, 4976)
(8889, 4976)
(8890, 4976)
(8891, 4976)
(8892, 4976)
(8893, 4976)
(8894, 4976)
(8895, 4976)
(8896, 4976)
(8896, 4977)
(8897, 4977)
(8898, 4978)
(8899, 4978)
(8900, 4979)
(8900, 4980)
(8900, 4981)
(8901, 4981)
(8901, 4982)
(8901, 4983)
(8902, 4984)
(8902, 4985)
(8902, 4986)
(8902, 4987)
(8903, 4988)
(8903, 4989)
(8903, 4990)
(8903, 4991)
(8904, 4991)
(8904, 4992)
(8905, 4992)
(8905, 4993)
(8905, 4994)
(8905, 4995)
(8905, 4996)
(8906, 4997)
(8906, 4998)
(8906, 4999)
(8906, 5000)
(8907, 5000)
(8908, 5001)
(8908, 5002)
(8908, 5003)
(8909, 5003)
(8909, 5004)
(8909, 5005)
(8909, 5006)
(8910, 5006)
(8910, 5007)
(8910, 5008)
(8910, 5009)
(8910, 5010)
(8911, 5010)
(8911, 5011)
(8911, 5012)
(8912, 5012)
(8912, 5013)
(8912, 5014)
(8912, 5015)
(8913, 5015)
(8913, 5016)
(8913, 5017)
(8913, 5018)
(8913, 5019)
(8914, 5019)
(8914, 5020)
(8914, 5021)
(8915, 5022)
(8916, 5023)
(8916, 5024)
(8916, 5025)
(8917, 5026)
(8917, 5027)
(8917, 5028)
(8917, 5029)
(8918, 5030)
(8919, 5031)
(8920, 5032)
(8920, 5033)
(8920, 5034)
(8920, 5035)
(8920, 5036)
(8921, 5037)
(8921, 5038)
(8921, 5039)
(8922, 5040)
(8922, 5041)
(8922, 5042)
(8923, 5042)
(8923, 5043)
(8923, 5044)
(8923, 5045)
(8924, 5045)
(8924, 5046)
(8924, 5047)
(8925, 5048)
(8925, 5049)
(8925, 5050)
(8925, 5051)
(8926, 5052)
(8926, 5053)
(8927, 5054)
(8927, 5055)
(8928, 5056)
(8928, 5057)
(8929, 5057)
(8929, 5058)
(8929, 5059)
(8929, 5060)
(8930, 5060)
(8930, 5061)
(8931, 5062)
(8931, 5063)
(8931, 5064)
(8931, 5065)
(8931, 5066)
(8932, 5066)
(8933, 5066)
(8934, 5067)
(8934, 5068)
(8934, 5069)
(8934, 5070)
(8934, 5071)
(8934, 5072)
(8934, 5073)
(8934, 5074)
(8935, 5075)
(8936, 5076)
(8936, 5077)
(8936, 5078)
(8937, 5079)
(8937, 5080)
(8938, 5081)
(8939, 5082)
(8939, 5083)
(8939, 5084)
(8939, 5085)
(8939, 5086)
(8939, 5087)
(8939, 5088)
(8939, 5089)
(8940, 5089)
(8940, 5090)
(8940, 5091)
(8941, 5092)
(8942, 5092)
(8943, 5093)
(8943, 5094)
(8943, 5095)
(8943, 5096)
(8943, 5097)
(8944, 5098)
(8945, 5098)
(8946, 5098)
(8946, 5099)
(8946, 5100)
(8946, 5101)
(8946, 5102)
(8946, 5103)
(8947, 5103)
(8947, 5104)
(8947, 5105)
(8948, 5106)
(8948, 5107)
(8948, 5108)
(8948, 5109)
(8948, 5110)
(8948, 5111)
(8948, 5112)
(8949, 5112)
(8949, 5113)
(8950, 5114)
(8951, 5115)
(8951, 5116)
(8951, 5117)
(8951, 5118)
(8951, 5119)
(8951, 5120)
(8951, 5121)
(8951, 5122)
(8951, 5123)
(8952, 5123)
(8952, 5124)
(8953, 5124)
(8953, 5125)
(8954, 5125)
(8954, 5126)
(8955, 5126)
(8955, 5127)
(8955, 5128)
(8955, 5129)
(8955, 5130)
(8955, 5131)
(8955, 5132)
(8955, 5133)
(8955, 5134)
(8956, 5134)
(8956, 5135)
(8956, 5136)
(8957, 5137)
(8958, 5138)
(8958, 5139)
(8958, 5140)
(8958, 5141)
(8958, 5142)
(8958, 5143)
(8958, 5144)
(8959, 5144)
(8959, 5145)
(8960, 5146)
(8961, 5147)
(8961, 5148)
(8961, 5149)
(8962, 5150)
(8962, 5151)
(8962, 5152)
(8962, 5153)
(8962, 5154)
(8962, 5155)
(8963, 5155)
(8963, 5156)
(8963, 5157)
(8963, 5158)
(8964, 5158)
(8965, 5158)
(8966, 5159)
(8966, 5160)
(8966, 5161)
(8966, 5162)
(8966, 5163)
(8966, 5164)
(8966, 5165)
(8966, 5166)
(8967, 5166)
(8967, 5167)
(8968, 5168)
(8968, 5169)
(8968, 5170)
(8968, 5171)
(8969, 5172)
(8969, 5173)
(8969, 5174)
(8969, 5175)
(8969, 5176)
(8970, 5177)
(8970, 5178)
(8970, 5179)
(8970, 5180)
(8971, 5181)
(8971, 5182)
(8971, 5183)
(8971, 5184)
(8971, 5185)
(8971, 5186)
(8972, 5186)
(8972, 5187)
(8973, 5187)
(8974, 5187)
(8974, 5188)
(8975, 5188)
(8976, 5189)
(8977, 5190)
(8977, 5191)
(8978, 5192)
(8978, 5193)
(8978, 5194)
(8978, 5195)
(8978, 5196)
(8979, 5197)
(8979, 5198)
(8979, 5199)
(8979, 5200)
(8979, 5201)
(8980, 5201)
(8980, 5202)
(8980, 5203)
(8980, 5204)
(8981, 5205)
(8982, 5206)
(8982, 5207)
(8982, 5208)
(8982, 5209)
(8982, 5210)
(8983, 5211)
(8983, 5212)
(8983, 5213)
(8983, 5214)
(8983, 5215)
(8983, 5216)
(8983, 5217)
(8983, 5218)
